	*** Running with hyperparameters:  p/masuda/biped1003.json 	***
Loading myHyp...
	*** Running with hyperparameters:  p/masuda/biped1003.json 	***
Loading myHyp...
	*** Running with hyperparameters:  p/masuda/biped1003.json 	***
Loading myHyp...
	*** Running with hyperparameters:  p/masuda/biped1003.json 	***
Loading myHyp...
	*** Running with hyperparameters:  p/masuda/biped1003.json 	***
Loading myHyp...
	*** Running with hyperparameters:  p/masuda/biped1003.json 	***
Loading myHyp...
	*** Running with hyperparameters:  p/masuda/biped1003.json 	***
Loading myHyp...
	*** Running with hyperparameters:  p/masuda/biped1003.json 	***
Loading myHyp...
	*** Running with hyperparameters:  p/masuda/biped1003.json 	***
Loading myHyp...
	*** Running with hyperparameters:  p/masuda/biped1003.json 	***
Loading myHyp...
	*** Running with hyperparameters:  p/masuda/biped1003.json 	***
	*** Running with hyperparameters:  p/masuda/biped1003.json 	***
Loading myHyp...
Loading myHyp...
Ready. core4
Ready. core6
Ready. core11
Ready. core9
Ready. core3
Ready. core2
Ready. core8
Ready. core0
Ready. core10
Ready. core5
Ready. core1
Ready. core7
0   -4.99 -4.99 2.78
1   -4.44 -4.44 1.80
2   -4.08 -4.08 1.91
3   -4.19 -4.08 1.91
4   -3.93 -3.93 3.85
5   -3.99 -3.93 3.85
6   -3.70 -3.70 3.96
7   -3.82 -3.70 3.96
8   -3.72 -3.70 3.96
9   -3.42 -3.42 3.74
10   -3.36 -3.36 3.81
11   -3.24 -3.24 4.28
12   -3.40 -3.24 4.28
13   -3.31 -3.24 4.28
14   -2.35 -2.35 7.31
15   -2.57 -2.35 7.31
16   -1.43 -3.42 10.79
17   -1.21 -1.21 13.04
18   -1.79 -1.21 13.04
19   -1.80 -1.21 13.04
20   -0.56 -0.56 19.56
21   -0.68 -0.56 19.56
22   -0.12 -0.12 23.19
23   -0.58 -0.12 23.19
24   -0.34 -0.12 23.19
25   0.16 0.16 22.64
26   0.19 0.19 21.91
27   0.27 0.27 24.20
28   0.46 0.46 24.59
29   0.49 0.49 24.85
30   0.41 0.49 24.85
31   0.39 0.49 24.85
32   0.55 0.16 25.61
33   0.49 0.49 23.81
34   0.46 0.49 23.81
35   0.62 0.62 25.54
36   0.42 0.62 25.54
37   0.78 0.78 25.30
38   0.71 0.78 25.30
39   0.57 0.78 25.30
40   0.32 0.78 25.30
41   0.73 0.78 25.30
42   0.47 0.78 25.30
43   0.66 0.78 25.30
44   0.94 0.94 26.50
45   0.68 0.94 26.50
46   0.62 0.94 26.50
47   0.58 0.94 26.50
48   0.64 0.94 26.50
49   1.18 1.18 25.93
50   0.99 1.18 25.93
51   0.99 1.18 25.93
52   0.74 1.18 25.93
53   1.18 1.18 26.40
54   0.99 1.18 26.40
55   1.25 1.25 27.31
56   1.28 1.18 26.87
57   1.54 1.54 29.10
58   0.68 1.54 29.10
59   1.14 1.54 29.10
60   0.79 1.54 29.10
61   0.84 1.54 29.10
62   1.09 1.54 29.10
63   0.82 1.54 29.10
64   0.96 1.54 29.10
65   0.76 1.54 29.10
66   1.20 1.54 29.10
67   0.86 1.54 29.10
68   0.97 1.54 29.10
69   1.17 1.54 29.10
70   0.92 1.54 29.10
71   1.00 1.54 29.10
72   1.05 1.54 29.10
73   0.90 1.54 29.10
74   1.07 1.54 29.10
75   1.67 1.67 28.72
76   1.34 1.67 28.72
77   0.98 1.67 28.72
78   1.09 1.67 28.72
79   1.18 1.67 28.72
80   1.22 1.67 28.72
81   1.09 1.67 28.72
82   1.06 1.67 28.72
83   0.81 1.67 28.72
84   1.57 1.67 28.72
85   1.14 1.67 28.72
86   0.82 1.67 28.72
87   1.61 1.67 28.72
88   1.51 1.67 28.72
89   1.25 1.67 28.72
90   1.64 1.67 28.72
91   1.66 1.67 28.72
92   1.60 1.67 28.72
93   1.56 1.67 28.72
94   1.80 1.80 29.43
95   1.61 1.80 29.43
96   1.77 1.80 29.43
97   1.58 1.80 29.43
98   1.23 1.80 29.43
99   1.61 1.80 29.43
100   1.32 1.80 29.43
101   1.74 1.80 29.43
102   1.81 1.81 28.18
103   1.34 1.81 28.18
104   1.80 1.81 28.18
105   1.35 1.81 28.18
106   1.80 1.81 28.18
107   1.57 1.81 28.18
108   2.02 2.02 29.67
109   1.38 2.02 29.67
110   1.95 2.02 29.67
111   1.66 2.02 29.67
112   1.78 2.02 29.67
113   2.13 2.13 29.33
114   1.84 2.13 29.33
115   1.99 2.13 29.33
116   1.37 2.13 29.33
117   1.81 2.13 29.33
118   1.37 2.13 29.33
119   1.67 2.13 29.33
120   1.98 2.13 29.33
121   1.77 2.13 29.33
122   1.44 2.13 29.33
123   2.08 2.13 29.33
124   1.92 2.13 29.33
125   2.04 2.13 29.33
126   1.73 2.13 29.33
127   1.69 2.13 29.33
128   1.72 2.13 29.33
129   1.67 2.13 29.33
130   1.73 2.13 29.33
131   1.61 2.13 29.33
132   1.59 2.13 29.33
133   1.80 2.13 29.33
134   1.60 2.13 29.33
135   1.70 2.13 29.33
136   1.72 2.13 29.33
137   1.44 2.13 29.33
138   1.50 2.13 29.33
139   1.85 2.13 29.33
140   2.24 2.24 29.22
141   1.61 2.24 29.22
142   2.29 2.29 29.56
143   1.94 2.29 29.56
144   2.12 2.29 29.56
145   2.14 2.29 29.56
146   1.50 2.29 29.56
147   2.26 2.29 29.56
148   1.75 2.29 29.56
149   1.74 2.29 29.56
150   1.91 2.29 29.56
151   1.82 2.29 29.56
152   1.74 2.29 29.56
153   1.71 2.29 29.56
154   1.99 2.29 29.56
155   1.97 2.29 29.56
156   2.14 2.29 29.56
157   1.60 2.29 29.56
158   2.18 2.29 29.56
159   2.20 2.29 29.56
160   2.04 2.29 29.56
161   1.94 2.29 29.56
162   1.66 2.29 29.56
163   1.98 2.29 29.56
164   2.28 2.29 29.56
165   1.93 2.29 29.56
166   1.21 2.29 29.56
167   1.91 2.29 29.56
168   2.11 2.29 29.56
169   1.86 2.29 29.56
170   1.77 2.29 29.56
171   2.12 2.29 29.56
172   1.37 2.29 29.56
173   2.07 2.29 29.56
174   1.71 2.29 29.56
175   2.16 2.29 29.56
176   1.89 2.29 29.56
177   1.82 2.29 29.56
178   1.76 2.29 29.56
179   1.99 2.29 29.56
180   1.48 2.29 29.56
181   1.48 2.29 29.56
182   1.97 2.29 29.56
183   1.84 2.29 29.56
184   1.51 2.29 29.56
185   1.54 2.29 29.56
186   1.53 2.29 29.56
187   1.84 2.29 29.56
188   1.75 2.29 29.56
189   1.33 2.29 29.56
190   2.11 2.29 29.56
191   2.23 2.29 29.56
192   2.15 2.29 29.56
193   1.73 2.29 29.56
194   1.32 2.29 29.56
195   2.23 2.29 29.56
196   1.91 2.29 29.56
197   2.16 2.29 29.56
198   2.29 2.29 29.95
199   1.64 2.29 29.95
200   2.24 2.29 29.95
201   1.71 2.29 29.95
202   2.60 2.60 31.85
203   2.14 2.60 31.85
204   1.89 2.60 31.85
205   1.78 2.60 31.85
206   1.99 2.60 31.85
207   1.83 2.60 31.85
208   1.53 2.60 31.85
209   2.19 2.60 31.85
210   1.81 2.60 31.85
211   1.75 2.60 31.85
212   1.66 2.60 31.85
213   1.70 2.60 31.85
214   1.87 2.60 31.85
215   1.90 2.60 31.85
216   2.19 2.60 31.85
217   2.01 2.60 31.85
218   1.73 2.60 31.85
219   1.86 2.60 31.85
220   2.06 2.60 31.85
221   1.89 2.60 31.85
222   2.20 2.60 31.85
223   2.18 2.60 31.85
224   1.95 2.60 31.85
225   1.82 2.60 31.85
226   2.10 2.60 31.85
227   2.22 2.60 31.85
228   2.21 2.60 31.85
229   1.64 2.60 31.85
230   1.70 2.60 31.85
231   1.68 2.60 31.85
232   1.48 2.60 31.85
233   2.17 2.60 31.85
234   1.70 2.60 31.85
235   1.54 2.60 31.85
236   1.57 2.60 31.85
237   1.87 2.60 31.85
238   2.06 2.60 31.85
239   1.88 2.60 31.85
240   2.29 2.60 31.85
241   2.06 2.60 31.85
242   1.87 2.60 31.85
243   1.36 2.60 31.85
244   1.83 2.60 31.85
245   1.82 2.60 31.85
246   1.64 2.60 31.85
247   1.75 2.60 31.85
248   1.84 2.60 31.85
249   2.42 2.60 31.85
250   1.54 2.60 31.85
251   1.93 2.60 31.85
252   1.74 2.60 31.85
253   1.88 2.60 31.85
254   1.62 2.60 31.85
255   1.65 2.60 31.85
256   1.40 2.60 31.85
257   2.17 2.60 31.85
258   2.04 2.60 31.85
259   2.06 2.60 31.85
260   2.12 2.60 31.85
261   1.68 2.60 31.85
262   1.79 2.60 31.85
263   2.00 2.60 31.85
264   1.60 2.60 31.85
265   2.00 2.60 31.85
266   1.95 2.60 31.85
267   1.96 2.60 31.85
268   2.16 2.60 31.85
269   1.96 2.60 31.85
270   2.09 2.60 31.85
271   2.20 2.60 31.85
272   1.74 2.60 31.85
273   1.60 2.60 31.85
274   1.98 2.60 31.85
275   1.68 2.60 31.85
276   1.67 2.60 31.85
277   1.98 2.60 31.85
278   1.90 2.60 31.85
279   2.08 2.60 31.85
280   1.97 2.60 31.85
281   1.56 2.60 31.85
282   2.72 2.72 33.45
283   1.69 2.72 33.45
284   2.02 2.72 33.45
285   1.91 2.72 33.45
286   1.77 2.72 33.45
287   1.53 2.72 33.45
288   1.92 2.72 33.45
289   1.81 2.72 33.45
290   2.20 2.72 33.45
291   1.57 2.72 33.45
292   1.94 2.72 33.45
293   2.42 2.72 33.45
294   1.66 2.72 33.45
295   2.13 2.72 33.45
296   2.16 2.72 33.45
297   2.11 2.72 33.45
298   1.84 2.72 33.45
299   2.00 2.72 33.45
stopping workers
Worker #  11 Worker #  9  shutting down.Worker #  7  shutting down.
Worker #  1  shutting down.
Worker #  5  shutting down.
Worker #  8  shutting down.
Worker #  4  shutting down.
Worker #  2  shutting down.
Worker #  3  shutting down.
Worker #  6  shutting down.
Worker #  10  shutting down.
 shutting down.

