	*** Running with hyperparameters:  p/masuda/biped1003.json 	***
	*** Running with hyperparameters:  p/masuda/biped1003.json 	***
Loading myHyp...
Loading myHyp...
	*** Running with hyperparameters:  p/masuda/biped1003.json 	***
Loading myHyp...
	*** Running with hyperparameters:  p/masuda/biped1003.json 	***
	*** Running with hyperparameters:  p/masuda/biped1003.json 	***
Loading myHyp...
Loading myHyp...
	*** Running with hyperparameters:  p/masuda/biped1003.json 	***
Loading myHyp...
	*** Running with hyperparameters:  p/masuda/biped1003.json 	***
Loading myHyp...
	*** Running with hyperparameters:  p/masuda/biped1003.json 	***
Loading myHyp...
	*** Running with hyperparameters:  p/masuda/biped1003.json 	***
Loading myHyp...
	*** Running with hyperparameters:  p/masuda/biped1003.json 	***
Loading myHyp...
	*** Running with hyperparameters:  p/masuda/biped1003.json 	***
	*** Running with hyperparameters:  Loading myHyp...p/masuda/biped1003.json 
	***
Loading myHyp...
Ready. core7
Ready. core11
Ready. core9
Ready. core4
Ready. core0
Ready. core2
Ready. core6
Ready. core8
Ready. core5
Ready. core1
Ready. core3
Ready. core10
0   -4.54 -4.54 4.63
1   -4.12 -4.12 4.94
2   -4.12 -4.12 3.22
3   -3.99 -3.99 4.87
4   -3.77 -3.77 4.18
5   -2.82 -2.82 3.09
6   -2.45 -2.45 3.68
7   -1.77 -1.77 4.36
8   -1.53 -1.76 4.49
9   -1.46 -1.46 2.68
10   -1.42 -1.42 2.71
11   -1.07 -1.07 3.54
12   -0.78 -0.78 4.42
13   -1.43 -0.78 4.42
14   -0.89 -0.78 4.42
15   -1.15 -0.78 4.42
16   -1.06 -0.78 4.42
17   -0.92 -0.78 4.42
18   -0.93 -0.78 4.42
19   -0.85 -0.78 4.42
20   -1.06 -0.78 4.42
21   -1.22 -0.78 4.42
22   -1.04 -0.78 4.42
23   -0.39 -0.39 4.93
24   -0.63 -0.39 4.93
25   -0.99 -0.39 4.93
26   -1.11 -0.39 4.93
27   -0.44 -0.39 4.93
28   -0.56 -0.39 4.93
29   -0.83 -0.39 4.93
30   -1.02 -0.39 4.93
31   -1.05 -0.39 4.93
32   -0.88 -0.39 4.93
33   -0.79 -0.39 4.93
34   -0.79 -0.39 4.93
35   -0.90 -0.39 4.93
36   -0.99 -0.39 4.93
37   -0.42 -0.39 4.93
38   -0.76 -0.39 4.93
39   -0.38 -0.38 4.55
40   -1.01 -0.38 4.55
41   -0.37 -0.37 4.58
42   -0.33 -0.33 4.54
43   -0.38 -0.33 4.54
44   -0.10 -0.10 4.56
45   -0.36 -0.10 4.56
46   -0.19 -0.10 4.56
47   -0.34 -0.10 4.56
48   0.05 -0.37 4.54
49   -0.03 -0.03 4.63
50   0.06 0.06 4.59
51   0.00 0.06 4.59
52   -0.04 0.06 4.59
53   0.02 0.06 4.59
54   0.23 0.23 4.62
55   0.34 0.34 4.59
56   0.31 0.34 4.59
57   0.18 0.34 4.59
58   0.32 0.34 4.59
59   0.33 0.34 4.59
60   0.16 0.34 4.59
61   0.47 0.47 4.59
62   0.56 0.56 4.57
63   0.46 0.56 4.57
64   0.45 0.56 4.57
65   0.31 0.56 4.57
66   0.50 0.56 4.57
67   0.23 0.56 4.57
68   0.44 0.56 4.57
69   0.44 0.56 4.57
70   0.42 0.56 4.57
71   0.48 0.56 4.57
72   0.36 0.56 4.57
73   0.31 0.56 4.57
74   0.42 0.56 4.57
75   0.43 0.56 4.57
76   0.46 0.56 4.57
77   0.53 0.56 4.57
78   0.46 0.56 4.57
79   0.54 0.56 4.57
80   0.62 0.56 4.33
81   0.52 0.56 4.57
82   0.33 0.56 4.57
83   0.62 0.62 4.39
84   0.36 0.62 4.39
85   0.63 0.63 4.32
86   0.49 0.63 4.32
87   0.38 0.63 4.32
88   0.49 0.63 4.32
89   0.56 0.63 4.32
90   0.55 0.63 4.32
91   0.43 0.63 4.32
92   0.66 0.66 4.29
93   0.49 0.66 4.29
94   0.47 0.66 4.29
95   0.52 0.66 4.29
96   0.52 0.66 4.29
97   0.60 0.66 4.29
98   0.51 0.66 4.29
99   0.59 0.66 4.29
100   0.55 0.66 4.29
101   0.61 0.66 4.29
102   0.65 0.66 4.29
103   0.58 0.66 4.29
104   0.66 0.66 4.29
105   0.58 0.66 4.29
106   0.62 0.66 4.29
107   0.56 0.66 4.29
108   0.57 0.66 4.29
109   0.81 0.81 4.41
110   0.39 0.81 4.41
111   0.63 0.81 4.41
112   0.69 0.81 4.41
113   0.67 0.81 4.41
114   0.38 0.81 4.41
115   0.51 0.81 4.41
116   0.49 0.81 4.41
117   0.73 0.81 4.41
118   0.59 0.81 4.41
119   0.64 0.81 4.41
120   0.79 0.81 4.41
121   0.64 0.81 4.41
122   0.75 0.81 4.41
123   0.72 0.81 4.41
124   0.57 0.81 4.41
125   0.79 0.81 4.41
126   0.65 0.81 4.41
127   0.70 0.81 4.41
128   0.72 0.81 4.41
129   0.68 0.81 4.41
130   0.61 0.81 4.41
131   0.68 0.81 4.41
132   0.65 0.81 4.41
133   0.62 0.81 4.41
134   0.70 0.81 4.41
135   0.69 0.81 4.41
136   0.72 0.81 4.41
137   0.72 0.81 4.41
138   0.77 0.81 4.41
139   0.86 0.86 4.64
140   0.82 0.86 4.64
141   0.73 0.86 4.64
142   0.79 0.86 4.64
143   0.69 0.86 4.64
144   0.65 0.86 4.64
145   0.62 0.86 4.64
146   0.70 0.86 4.64
147   0.80 0.86 4.64
148   0.71 0.86 4.64
149   0.64 0.86 4.64
150   0.66 0.86 4.64
151   0.75 0.86 4.64
152   0.83 0.86 4.64
153   0.92 0.92 4.56
154   0.74 0.92 4.56
155   0.75 0.92 4.56
156   0.82 0.92 4.56
157   0.85 0.92 4.56
158   0.92 0.92 4.64
159   0.80 0.92 4.64
160   0.77 0.92 4.64
161   0.90 0.92 4.64
162   0.90 0.92 4.64
163   0.78 0.92 4.64
164   0.91 0.92 4.64
165   0.94 0.94 4.48
166   0.87 0.94 4.48
167   0.96 0.96 4.57
168   0.98 0.92 4.69
169   0.99 0.99 4.74
170   0.82 0.99 4.74
171   0.84 0.99 4.74
172   0.91 0.99 4.74
173   0.83 0.99 4.74
174   0.91 0.99 4.74
175   1.00 1.00 4.72
176   0.93 1.00 4.72
177   0.90 1.00 4.72
178   0.94 1.00 4.72
179   0.99 1.00 4.72
180   0.89 1.00 4.72
181   0.93 1.00 4.72
182   0.97 1.00 4.72
183   0.94 1.00 4.72
184   0.93 1.00 4.72
185   0.92 1.00 4.72
186   0.84 1.00 4.72
187   0.94 1.00 4.72
188   0.95 1.00 4.72
189   1.02 1.02 4.75
190   0.89 1.02 4.75
191   0.94 1.02 4.75
192   0.90 1.02 4.75
193   0.85 1.02 4.75
194   0.99 1.02 4.75
195   0.90 1.02 4.75
196   0.90 1.02 4.75
197   0.89 1.02 4.75
198   0.95 1.02 4.75
199   0.89 1.02 4.75
200   0.91 1.02 4.75
201   0.94 1.02 4.75
202   0.90 1.02 4.75
203   1.00 1.02 4.75
204   1.04 1.04 4.71
205   0.92 1.04 4.71
206   0.96 1.04 4.71
207   0.98 1.04 4.71
208   0.77 1.04 4.71
209   0.96 1.04 4.71
210   0.89 1.04 4.71
211   0.94 1.04 4.71
212   0.93 1.04 4.71
213   0.99 1.04 4.71
214   0.97 1.04 4.71
215   0.91 1.04 4.71
216   0.86 1.04 4.71
217   0.95 1.04 4.71
218   0.95 1.04 4.71
219   0.91 1.04 4.71
220   1.00 1.04 4.71
221   0.98 1.04 4.71
222   1.00 1.04 4.71
223   1.00 1.04 4.71
224   1.00 1.04 4.71
225   0.93 1.04 4.71
226   0.97 1.04 4.71
227   0.89 1.04 4.71
228   0.93 1.04 4.71
229   0.97 1.04 4.71
230   0.98 1.04 4.71
231   1.02 1.04 4.71
232   0.99 1.04 4.71
233   1.02 1.04 4.71
234   0.88 1.04 4.71
235   0.90 1.04 4.71
236   0.98 1.04 4.71
237   1.07 1.07 4.78
238   1.02 1.07 4.78
239   1.02 1.07 4.78
240   0.96 1.07 4.78
241   0.90 1.07 4.78
242   0.93 1.07 4.78
243   1.00 1.07 4.78
244   0.96 1.07 4.78
245   0.99 1.07 4.78
246   0.97 1.07 4.78
247   0.96 1.07 4.78
248   0.95 1.07 4.78
249   0.87 1.07 4.78
250   0.95 1.07 4.78
251   0.95 1.07 4.78
252   0.98 1.07 4.78
253   0.93 1.07 4.78
254   0.98 1.07 4.78
255   0.99 1.07 4.78
256   1.03 1.07 4.78
257   1.03 1.07 4.78
258   1.08 1.08 4.77
259   0.97 1.08 4.77
260   0.90 1.08 4.77
261   0.98 1.08 4.77
262   0.94 1.08 4.77
263   0.99 1.08 4.77
264   0.99 1.08 4.77
265   0.92 1.08 4.77
266   0.95 1.08 4.77
267   0.92 1.08 4.77
268   0.98 1.08 4.77
269   0.96 1.08 4.77
270   0.96 1.08 4.77
271   1.01 1.08 4.77
272   0.95 1.08 4.77
273   0.92 1.08 4.77
274   0.90 1.08 4.77
275   0.91 1.08 4.77
276   0.99 1.08 4.77
277   1.04 1.08 4.77
278   0.90 1.08 4.77
279   1.06 1.08 4.77
280   0.95 1.08 4.77
281   0.93 1.08 4.77
282   0.90 1.08 4.77
283   0.96 1.08 4.77
284   0.94 1.08 4.77
285   0.95 1.08 4.77
286   1.04 1.08 4.77
287   0.88 1.08 4.77
288   1.00 1.08 4.77
289   0.89 1.08 4.77
290   0.95 1.08 4.77
291   0.94 1.08 4.77
292   1.02 1.08 4.77
293   0.97 1.08 4.77
294   0.95 1.08 4.77
295   0.98 1.08 4.77
296   1.02 1.08 4.77
297   0.98 1.08 4.77
298   0.80 1.08 4.77
299   1.03 1.08 4.77
stopping workers
Worker #  5  shutting down.
Worker #  6  shutting down.
Worker #  3  shutting down.
Worker #  7  shutting down.
Worker #  4  shutting down.
Worker #  1  shutting down.
Worker #  11  shutting down.
Worker #  2  shutting down.
Worker #  9  shutting down.
Worker #  10  shutting down.
Worker #  8  shutting down.
