	*** Running with hyperparameters:  p/masuda/biped1003.json 	***
Loading myHyp...
	*** Running with hyperparameters:  p/masuda/biped1003.json 	***
Loading myHyp...
	*** Running with hyperparameters:  p/masuda/biped1003.json 	***
Loading myHyp...
	*** Running with hyperparameters:  p/masuda/biped1003.json 	***
Loading myHyp...
	*** Running with hyperparameters:  p/masuda/biped1003.json 	***
Loading myHyp...
	*** Running with hyperparameters:  p/masuda/biped1003.json 	***
Loading myHyp...
	*** Running with hyperparameters:  p/masuda/biped1003.json 	***
Loading myHyp...
	*** Running with hyperparameters:  p/masuda/biped1003.json 	***
Loading myHyp...
	*** Running with hyperparameters:  p/masuda/biped1003.json 	***
Loading myHyp...
	*** Running with hyperparameters:  p/masuda/biped1003.json 	***
Loading myHyp...
	*** Running with hyperparameters:  p/masuda/biped1003.json 	***
Loading myHyp...
	*** Running with hyperparameters:  p/masuda/biped1003.json 	***
Loading myHyp...
Ready. core11
Ready. core8
Ready. core3
Ready. core4
Ready. core10
Ready. core7
Ready. core9
Ready. core5
Ready. core1
Ready. core2
Ready. core0
Ready. core6
0   -4.36 -4.36 3.32
1   -4.65 -4.36 3.32
2   -4.60 -4.36 3.32
3   -4.02 -4.02 2.77
4   -2.76 -2.76 2.70
5   -1.90 -1.90 3.09
6   -1.02 -1.02 3.45
7   -0.73 -0.73 3.67
8   -0.41 -0.55 3.14
9   -0.14 -0.14 4.74
10   0.02 0.02 5.40
11   -0.12 0.02 5.40
12   0.59 0.59 4.91
13   0.98 0.98 4.65
14   1.01 1.01 4.78
15   1.20 1.20 4.50
16   1.55 -0.14 4.87
17   1.54 1.54 4.43
18   1.76 1.76 4.38
19   1.74 1.76 4.38
20   1.88 1.88 5.46
21   1.92 1.92 5.69
22   2.06 2.06 5.68
23   2.00 2.06 5.68
24   2.12 1.54 4.80
25   2.14 2.14 5.51
26   2.61 2.61 5.58
27   2.28 2.61 5.58
28   2.40 2.61 5.58
29   2.47 2.61 5.58
30   2.56 2.61 5.58
31   2.66 2.66 4.87
32   2.76 2.14 4.99
33   2.86 2.86 5.42
34   2.94 2.94 5.50
35   2.90 2.94 5.50
36   2.98 2.98 4.97
37   2.91 2.98 4.97
38   2.97 2.98 4.97
39   2.99 2.99 5.26
40   3.09 2.86 4.97
41   3.13 3.13 6.25
42   3.17 3.17 6.36
43   3.09 3.17 6.36
44   3.07 3.17 6.36
45   3.31 3.31 5.66
46   3.28 3.31 5.66
47   3.29 3.31 5.66
48   3.36 3.13 6.46
49   3.43 3.43 7.02
50   3.61 3.61 6.75
51   3.54 3.61 6.75
52   3.65 3.65 7.01
53   3.59 3.65 7.01
54   3.62 3.65 7.01
55   3.65 3.65 7.05
56   3.62 3.65 7.05
57   3.68 3.68 6.94
58   3.68 3.68 6.94
59   3.78 3.78 7.14
60   3.69 3.78 7.14
61   3.70 3.78 7.14
62   3.77 3.78 7.14
63   3.85 3.85 7.25
64   3.80 3.85 7.25
65   3.71 3.85 7.25
66   3.78 3.85 7.25
67   3.81 3.85 7.25
68   3.75 3.85 7.25
69   3.71 3.85 7.25
70   3.83 3.85 7.25
71   3.81 3.85 7.25
72   3.72 3.85 7.25
73   3.85 3.85 7.25
74   3.87 3.87 7.05
75   3.76 3.87 7.05
76   3.82 3.87 7.05
77   3.93 3.93 7.01
78   3.90 3.93 7.01
79   3.88 3.93 7.01
80   3.86 3.93 7.01
81   3.86 3.93 7.01
82   3.88 3.93 7.01
83   3.96 3.96 6.89
84   4.06 4.06 7.11
85   3.97 4.06 7.11
86   3.90 4.06 7.11
87   3.94 4.06 7.11
88   4.05 4.06 7.11
89   4.05 4.06 7.11
90   4.13 4.13 7.02
91   4.17 4.17 7.02
92   4.18 4.18 7.06
93   4.14 4.18 7.06
94   4.08 4.18 7.06
95   4.23 4.23 7.07
96   4.21 4.23 7.07
97   4.10 4.23 7.07
98   4.18 4.23 7.07
99   4.31 4.31 7.08
100   4.27 4.31 7.08
101   4.38 4.38 6.98
102   4.33 4.38 6.98
103   4.33 4.38 6.98
104   4.27 4.38 6.98
105   4.30 4.38 6.98
106   4.27 4.38 6.98
107   4.20 4.38 6.98
108   4.38 4.38 6.98
109   4.30 4.38 6.98
110   4.35 4.38 6.98
111   4.37 4.38 6.98
112   4.28 4.38 6.98
113   4.35 4.38 6.98
114   4.34 4.38 6.98
115   4.27 4.38 6.98
116   4.25 4.38 6.98
117   4.44 4.44 7.05
118   4.41 4.44 7.05
119   4.25 4.44 7.05
120   4.29 4.44 7.05
121   4.34 4.44 7.05
122   4.33 4.44 7.05
123   4.40 4.44 7.05
124   4.46 4.46 7.10
125   4.30 4.46 7.10
126   4.43 4.46 7.10
127   4.33 4.46 7.10
128   4.29 4.46 7.10
129   4.37 4.46 7.10
130   4.40 4.46 7.10
131   4.44 4.46 7.10
132   4.32 4.46 7.10
133   4.35 4.46 7.10
134   4.37 4.46 7.10
135   4.34 4.46 7.10
136   4.36 4.46 7.10
137   4.32 4.46 7.10
138   4.39 4.46 7.10
139   4.40 4.46 7.10
140   4.45 4.46 7.10
141   4.41 4.46 7.10
142   4.37 4.46 7.10
143   4.44 4.46 7.10
144   4.32 4.46 7.10
145   4.40 4.46 7.10
146   4.42 4.46 7.10
147   4.36 4.46 7.10
148   4.38 4.46 7.10
149   4.34 4.46 7.10
150   4.48 4.48 7.08
151   4.20 4.48 7.08
152   4.41 4.48 7.08
153   4.37 4.48 7.08
154   4.45 4.48 7.08
155   4.43 4.48 7.08
156   4.47 4.48 7.08
157   4.41 4.48 7.08
158   4.38 4.48 7.08
159   4.41 4.48 7.08
160   4.33 4.48 7.08
161   4.46 4.48 7.08
162   4.45 4.48 7.08
163   4.51 4.51 6.90
164   4.45 4.51 6.90
165   4.40 4.51 6.90
166   4.51 4.51 6.90
167   4.43 4.51 6.90
168   4.27 4.51 6.90
169   4.42 4.51 6.90
170   4.47 4.51 6.90
171   4.45 4.51 6.90
172   4.34 4.51 6.90
173   4.47 4.51 6.90
174   4.30 4.51 6.90
175   4.50 4.51 6.90
176   4.51 4.51 6.90
177   4.53 4.53 6.98
178   4.48 4.53 6.98
179   4.56 4.56 6.99
180   4.50 4.56 6.99
181   4.42 4.56 6.99
182   4.54 4.56 6.99
183   4.59 4.59 6.86
184   4.39 4.59 6.86
185   4.62 4.62 7.02
186   4.48 4.62 7.02
187   4.55 4.62 7.02
188   4.51 4.62 7.02
189   4.53 4.62 7.02
190   4.55 4.62 7.02
191   4.52 4.62 7.02
192   4.59 4.62 7.02
193   4.57 4.62 7.02
194   4.53 4.62 7.02
195   4.63 4.63 7.13
196   4.58 4.63 7.13
197   4.56 4.63 7.13
198   4.53 4.63 7.13
199   4.61 4.63 7.13
200   4.49 4.63 7.13
201   4.54 4.63 7.13
202   4.53 4.63 7.13
203   4.32 4.63 7.13
204   4.29 4.63 7.13
205   4.56 4.63 7.13
206   4.49 4.63 7.13
207   4.53 4.63 7.13
208   4.52 4.63 7.13
209   4.68 4.68 7.24
210   4.37 4.68 7.24
211   4.52 4.68 7.24
212   4.46 4.68 7.24
213   4.52 4.68 7.24
214   4.61 4.68 7.24
215   4.61 4.68 7.24
216   4.47 4.68 7.24
217   4.42 4.68 7.24
218   4.54 4.68 7.24
219   4.58 4.68 7.24
220   4.58 4.68 7.24
221   4.56 4.68 7.24
222   4.48 4.68 7.24
223   4.38 4.68 7.24
224   4.55 4.68 7.24
225   4.61 4.68 7.24
226   4.57 4.68 7.24
227   4.41 4.68 7.24
228   4.44 4.68 7.24
229   4.58 4.68 7.24
230   4.49 4.68 7.24
231   4.58 4.68 7.24
232   4.49 4.68 7.24
233   4.51 4.68 7.24
234   4.48 4.68 7.24
235   4.56 4.68 7.24
236   4.59 4.68 7.24
237   4.54 4.68 7.24
238   4.57 4.68 7.24
239   4.56 4.68 7.24
240   4.64 4.68 7.24
241   4.62 4.68 7.24
242   4.46 4.68 7.24
243   4.54 4.68 7.24
244   4.62 4.68 7.24
245   4.55 4.68 7.24
246   4.50 4.68 7.24
247   4.49 4.68 7.24
248   4.63 4.68 7.24
249   4.41 4.68 7.24
250   4.54 4.68 7.24
251   4.51 4.68 7.24
252   4.52 4.68 7.24
253   4.58 4.68 7.24
254   4.26 4.68 7.24
255   4.66 4.68 7.24
256   4.58 4.68 7.24
257   4.54 4.68 7.24
258   4.47 4.68 7.24
259   4.56 4.68 7.24
260   4.56 4.68 7.24
261   4.57 4.68 7.24
262   4.62 4.68 7.24
263   4.52 4.68 7.24
264   4.50 4.68 7.24
265   4.59 4.68 7.24
266   4.63 4.68 7.24
267   4.59 4.68 7.24
268   4.59 4.68 7.24
269   4.58 4.68 7.24
270   4.28 4.68 7.24
271   4.38 4.68 7.24
272   4.59 4.68 7.24
273   4.64 4.68 7.24
274   4.59 4.68 7.24
275   4.59 4.68 7.24
276   4.56 4.68 7.24
277   4.53 4.68 7.24
278   4.61 4.68 7.24
279   4.53 4.68 7.24
280   4.61 4.68 7.24
281   4.53 4.68 7.24
282   4.61 4.68 7.24
283   4.42 4.68 7.24
284   4.62 4.68 7.24
285   4.60 4.68 7.24
286   4.52 4.68 7.24
287   4.48 4.68 7.24
288   4.68 4.68 7.24
289   4.59 4.68 7.24
290   4.63 4.68 7.24
291   4.60 4.68 7.24
292   4.67 4.68 7.24
293   4.55 4.68 7.24
294   4.61 4.68 7.24
295   4.59 4.68 7.24
296   4.60 4.68 7.24
297   4.59 4.68 7.24
298   4.56 4.68 7.24
299   4.68 4.68 7.24
stopping workers
Worker #  1  shutting down.
Worker #  3  shutting down.
Worker #  6  shutting down.
Worker #  2  shutting down.
Worker #  5  shutting down.
Worker #  9  shutting down.
Worker #  7  shutting down.
Worker #  4  shutting down.
Worker #  10  shutting down.
Worker #  11  shutting down.
Worker #  8  shutting down.
