	*** Running with hyperparameters:  p/masuda/biped1003.json 	***
Loading myHyp...
	*** Running with hyperparameters:  p/masuda/biped1003.json 	***
Loading myHyp...
	*** Running with hyperparameters:  p/masuda/biped1003.json 	***
Loading myHyp...
	*** Running with hyperparameters:  p/masuda/biped1003.json 	***
Loading myHyp...
	*** Running with hyperparameters:  p/masuda/biped1003.json 	***
Loading myHyp...
	*** Running with hyperparameters:  p/masuda/biped1003.json 	***
	*** Running with hyperparameters:  p/masuda/biped1003.json 	***
Loading myHyp...
Loading myHyp...
	*** Running with hyperparameters:  p/masuda/biped1003.json 	***
Loading myHyp...
	*** Running with hyperparameters:  p/masuda/biped1003.json 	***
	*** Running with hyperparameters:  p/masuda/biped1003.json 	***
	*** Running with hyperparameters:  p/masuda/biped1003.json 	***
Loading myHyp...
Loading myHyp...
Loading myHyp...
	*** Running with hyperparameters:  p/masuda/biped1003.json 	***
Loading myHyp...
Ready. core4
Ready. core2
Ready. core6
Ready. core5
Ready. core3
Ready. core0
Ready. core9
Ready. core10
Ready. core7
Ready. core11
Ready. core8
Ready. core1
0   -5.10 -5.10 3.07
1   -5.10 -5.10 3.01
2   -4.61 -4.61 1.76
3   -4.56 -4.56 1.91
4   -4.35 -4.35 5.03
5   -4.32 -4.32 4.96
6   -4.25 -4.25 3.03
7   -4.20 -4.20 5.14
8   -4.10 -5.10 5.45
9   -4.05 -4.05 5.48
10   -4.07 -4.05 5.48
11   -3.90 -3.90 5.50
12   -3.81 -3.81 5.08
13   -3.82 -3.81 5.08
14   -3.78 -3.78 5.66
15   -3.79 -3.78 5.66
16   -3.64 -4.05 6.26
17   -3.55 -3.55 5.71
18   -3.56 -3.55 5.71
19   -3.43 -3.43 5.87
20   -3.32 -3.32 5.92
21   -3.22 -3.22 5.38
22   -2.93 -2.93 5.65
23   -3.07 -2.93 5.65
24   -2.98 -2.93 5.65
25   -2.51 -2.51 5.56
26   -2.30 -2.30 5.24
27   -1.73 -1.73 5.25
28   -1.40 -1.40 5.35
29   -1.33 -1.33 5.33
30   -1.34 -1.33 5.33
31   -0.87 -0.87 4.75
32   -0.41 -2.51 5.20
33   -1.02 -1.02 4.70
34   1.04 1.04 5.91
35   1.51 1.51 5.49
36   1.68 1.68 7.24
37   2.88 2.88 5.86
38   2.43 2.88 5.86
39   2.80 2.88 5.86
40   2.72 2.88 5.86
41   2.97 2.97 6.11
42   2.95 2.97 6.11
43   3.17 3.17 5.84
44   3.33 3.33 5.88
45   3.32 3.33 5.88
46   3.35 3.35 6.00
47   3.23 3.35 6.00
48   3.36 2.97 5.86
49   3.31 3.31 5.77
50   3.35 3.35 5.99
51   3.43 3.43 6.06
52   3.58 3.58 5.92
53   3.51 3.58 5.92
54   3.50 3.58 5.92
55   3.47 3.58 5.92
56   3.77 3.31 6.09
57   3.62 3.62 6.78
58   3.65 3.65 6.64
59   3.62 3.65 6.64
60   3.70 3.70 6.14
61   3.64 3.70 6.14
62   3.53 3.70 6.14
63   3.65 3.70 6.14
64   3.69 3.70 6.14
65   3.68 3.70 6.14
66   3.68 3.70 6.14
67   3.69 3.70 6.14
68   3.64 3.70 6.14
69   3.73 3.73 6.14
70   3.68 3.73 6.14
71   3.72 3.73 6.14
72   3.62 3.73 6.14
73   3.71 3.73 6.14
74   3.68 3.73 6.14
75   3.62 3.73 6.14
76   3.62 3.73 6.14
77   3.54 3.73 6.14
78   3.66 3.73 6.14
79   3.64 3.73 6.14
80   3.53 3.73 6.14
81   3.70 3.73 6.14
82   3.69 3.73 6.14
83   3.68 3.73 6.14
84   3.65 3.73 6.14
85   3.71 3.73 6.14
86   3.74 3.74 6.31
87   3.62 3.74 6.31
88   3.75 3.73 6.40
89   3.73 3.73 6.53
90   3.91 3.91 6.51
91   3.71 3.91 6.51
92   3.76 3.91 6.51
93   3.84 3.91 6.51
94   3.69 3.91 6.51
95   3.78 3.91 6.51
96   3.75 3.91 6.51
97   3.79 3.91 6.51
98   3.70 3.91 6.51
99   3.70 3.91 6.51
100   3.76 3.91 6.51
101   3.84 3.91 6.51
102   3.74 3.91 6.51
103   3.77 3.91 6.51
104   3.71 3.91 6.51
105   3.73 3.91 6.51
106   3.80 3.91 6.51
107   3.81 3.91 6.51
108   3.81 3.91 6.51
109   3.82 3.91 6.51
110   3.83 3.91 6.51
111   3.80 3.91 6.51
112   3.74 3.91 6.51
113   3.77 3.91 6.51
114   3.88 3.91 6.51
115   3.79 3.91 6.51
116   3.67 3.91 6.51
117   3.69 3.91 6.51
118   3.87 3.91 6.51
119   3.92 3.92 6.91
120   3.89 3.92 6.91
121   3.82 3.92 6.91
122   3.80 3.92 6.91
123   3.73 3.92 6.91
124   3.87 3.92 6.91
125   3.76 3.92 6.91
126   3.83 3.92 6.91
127   3.79 3.92 6.91
128   3.77 3.92 6.91
129   3.84 3.92 6.91
130   3.76 3.92 6.91
131   3.86 3.92 6.91
132   3.77 3.92 6.91
133   3.85 3.92 6.91
134   3.86 3.92 6.91
135   3.82 3.92 6.91
136   3.77 3.92 6.91
137   3.77 3.92 6.91
138   3.81 3.92 6.91
139   3.80 3.92 6.91
140   3.82 3.92 6.91
141   3.77 3.92 6.91
142   3.77 3.92 6.91
143   3.76 3.92 6.91
144   3.87 3.92 6.91
145   3.81 3.92 6.91
146   3.78 3.92 6.91
147   3.81 3.92 6.91
148   3.90 3.92 6.91
149   3.81 3.92 6.91
150   3.81 3.92 6.91
151   3.78 3.92 6.91
152   3.74 3.92 6.91
153   3.76 3.92 6.91
154   3.83 3.92 6.91
155   3.80 3.92 6.91
156   3.84 3.92 6.91
157   3.75 3.92 6.91
158   3.71 3.92 6.91
159   3.75 3.92 6.91
160   3.80 3.92 6.91
161   3.92 3.92 6.90
162   3.77 3.92 6.90
163   3.84 3.92 6.90
164   3.80 3.92 6.90
165   3.76 3.92 6.90
166   3.79 3.92 6.90
167   3.81 3.92 6.90
168   3.81 3.92 6.90
169   3.93 3.93 6.83
170   3.73 3.93 6.83
171   3.88 3.93 6.83
172   3.90 3.93 6.83
173   3.74 3.93 6.83
174   3.84 3.93 6.83
175   3.83 3.93 6.83
176   3.77 3.93 6.83
177   3.92 3.93 6.83
178   3.83 3.93 6.83
179   3.87 3.93 6.83
180   3.78 3.93 6.83
181   3.70 3.93 6.83
182   3.86 3.93 6.83
183   3.75 3.93 6.83
184   3.93 3.93 6.83
185   3.78 3.93 6.83
186   3.72 3.93 6.83
187   3.73 3.93 6.83
188   3.79 3.93 6.83
189   3.78 3.93 6.83
190   3.81 3.93 6.83
191   3.89 3.93 6.83
192   3.86 3.93 6.83
193   3.70 3.93 6.83
194   3.83 3.93 6.83
195   3.86 3.93 6.83
196   3.80 3.93 6.83
197   3.91 3.93 6.83
198   3.71 3.93 6.83
199   3.86 3.93 6.83
200   3.75 3.93 6.83
201   3.76 3.93 6.83
202   3.84 3.93 6.83
203   3.77 3.93 6.83
204   3.76 3.93 6.83
205   3.87 3.93 6.83
206   3.85 3.93 6.83
207   3.81 3.93 6.83
208   3.80 3.93 6.83
209   3.87 3.93 6.83
210   3.78 3.93 6.83
211   3.75 3.93 6.83
212   3.74 3.93 6.83
213   3.85 3.93 6.83
214   3.83 3.93 6.83
215   3.73 3.93 6.83
216   3.79 3.93 6.83
217   3.82 3.93 6.83
218   3.78 3.93 6.83
219   3.74 3.93 6.83
220   3.82 3.93 6.83
221   3.76 3.93 6.83
222   3.88 3.93 6.83
223   3.89 3.93 6.83
224   3.80 3.93 6.83
225   3.73 3.93 6.83
226   3.83 3.93 6.83
227   3.77 3.93 6.83
228   3.85 3.93 6.83
229   3.95 3.95 6.99
230   3.83 3.95 6.99
231   3.82 3.95 6.99
232   3.85 3.95 6.99
233   3.75 3.95 6.99
234   3.91 3.95 6.99
235   3.77 3.95 6.99
236   3.83 3.95 6.99
237   3.86 3.95 6.99
238   3.78 3.95 6.99
239   3.77 3.95 6.99
240   3.69 3.95 6.99
241   3.79 3.95 6.99
242   3.76 3.95 6.99
243   3.76 3.95 6.99
244   3.78 3.95 6.99
245   3.79 3.95 6.99
246   3.77 3.95 6.99
247   3.94 3.95 6.99
248   3.82 3.95 6.99
249   3.82 3.95 6.99
250   3.70 3.95 6.99
251   3.80 3.95 6.99
252   3.84 3.95 6.99
253   3.88 3.95 6.99
254   3.83 3.95 6.99
255   3.81 3.95 6.99
256   3.73 3.95 6.99
257   3.94 3.95 6.99
258   3.72 3.95 6.99
259   3.84 3.95 6.99
260   3.75 3.95 6.99
261   3.79 3.95 6.99
262   3.80 3.95 6.99
263   3.78 3.95 6.99
264   3.82 3.95 6.99
265   3.90 3.95 6.99
266   3.78 3.95 6.99
267   3.89 3.95 6.99
268   3.77 3.95 6.99
269   3.89 3.95 6.99
270   3.84 3.95 6.99
271   3.85 3.95 6.99
272   3.72 3.95 6.99
273   3.92 3.95 6.99
274   3.80 3.95 6.99
275   3.74 3.95 6.99
276   3.78 3.95 6.99
277   3.81 3.95 6.99
278   3.83 3.95 6.99
279   3.77 3.95 6.99
280   3.81 3.95 6.99
281   3.88 3.95 6.99
282   3.83 3.95 6.99
283   3.83 3.95 6.99
284   3.75 3.95 6.99
285   3.80 3.95 6.99
286   3.77 3.95 6.99
287   3.78 3.95 6.99
288   3.84 3.95 6.99
289   3.79 3.95 6.99
290   3.94 3.95 6.99
291   3.78 3.95 6.99
292   3.90 3.95 6.99
293   3.85 3.95 6.99
294   3.78 3.95 6.99
295   3.73 3.95 6.99
296   3.82 3.95 6.99
297   3.88 3.95 6.99
298   3.90 3.95 6.99
299   3.79 3.95 6.99
stopping workers
Worker #  11  shutting down.
Worker #  6  shutting down.
Worker #  8  shutting down.
Worker #  4  shutting down.
Worker #  2  shutting down.
Worker #  1  shutting down.
Worker #  10  shutting down.
Worker #  9  shutting down.
Worker #  5  shutting down.
Worker #  7  shutting down.
Worker #  3  shutting down.
