	*** Running with hyperparameters:  p/masuda/biped1003.json 	***
	*** Running with hyperparameters:  p/masuda/biped1003.json 	***
Loading myHyp...
Loading myHyp...
	*** Running with hyperparameters:  p/masuda/biped1003.json 	***
Loading myHyp...
	*** Running with hyperparameters:  p/masuda/biped1003.json 	***
Loading myHyp...
	*** Running with hyperparameters:  p/masuda/biped1003.json 	***
Loading myHyp...
	*** Running with hyperparameters:  p/masuda/biped1003.json 	***
Loading myHyp...
	*** Running with hyperparameters:  p/masuda/biped1003.json 	***
Loading myHyp...
	*** Running with hyperparameters:  p/masuda/biped1003.json 	***
Loading myHyp...
	*** Running with hyperparameters:  p/masuda/biped1003.json 	***
Loading myHyp...
	*** Running with hyperparameters:  p/masuda/biped1003.json 	***
Loading myHyp...
	*** Running with hyperparameters:  p/masuda/biped1003.json 	***
Loading myHyp...
	*** Running with hyperparameters:  p/masuda/biped1003.json 	***
Loading myHyp...
Ready. core3
Ready. core6
Ready. core0
Ready. core2
Ready. core1
Ready. core7
Ready. core10
Ready. core9
Ready. core11
Ready. core4
Ready. core5
Ready. core8
0   -5.26 -5.26 2.85
1   -5.06 -5.06 2.80
2   -4.79 -4.79 1.88
3   -4.36 -4.36 1.96
4   -3.73 -3.73 1.79
5   -3.44 -3.44 2.39
6   -3.31 -3.31 1.96
7   -2.91 -2.91 2.35
8   -2.83 -5.06 2.55
9   -2.97 -2.97 2.22
10   -2.84 -2.84 1.95
11   -2.72 -2.72 3.05
12   -2.51 -2.51 3.26
13   -2.16 -2.16 3.23
14   -2.06 -2.06 3.31
15   -2.06 -2.06 3.06
16   -2.10 -2.06 3.06
17   -2.13 -2.06 3.06
18   -2.11 -2.06 3.06
19   -1.74 -1.74 2.89
20   -0.89 -0.89 9.91
21   -1.11 -0.89 9.91
22   -0.47 -0.47 9.28
23   0.08 0.08 9.40
24   1.10 -2.06 19.86
25   0.77 0.77 25.00
26   2.19 2.19 27.15
27   2.02 2.19 27.15
28   2.25 2.25 27.15
29   3.15 3.15 33.49
30   3.04 3.15 33.49
31   3.00 3.15 33.49
32   3.88 0.77 32.69
33   3.72 3.72 33.67
34   3.99 3.99 33.42
35   4.02 4.02 38.97
36   3.77 4.02 38.97
37   5.09 5.09 28.40
38   4.86 5.09 28.40
39   4.97 5.09 28.40
40   5.83 3.72 30.66
41   5.51 5.51 28.38
42   5.25 5.51 28.38
43   5.71 5.71 30.12
44   4.50 5.71 30.12
45   5.91 5.91 43.26
46   5.09 5.91 43.26
47   5.76 5.91 43.26
48   5.34 5.91 43.26
49   5.48 5.91 43.26
50   5.37 5.91 43.26
51   5.43 5.91 43.26
52   5.68 5.91 43.26
53   5.69 5.91 43.26
54   4.93 5.91 43.26
55   6.06 6.06 38.21
56   5.08 6.06 38.21
57   5.80 6.06 38.21
58   5.65 6.06 38.21
59   5.98 6.06 38.21
60   6.48 6.48 33.98
61   5.73 6.48 33.98
62   5.64 6.48 33.98
63   7.21 7.21 38.93
64   6.20 7.21 38.93
65   6.64 7.21 38.93
66   6.64 7.21 38.93
67   7.32 7.32 36.15
68   6.07 7.32 36.15
69   7.00 7.32 36.15
70   6.36 7.32 36.15
71   6.35 7.32 36.15
72   6.51 7.32 36.15
73   6.85 7.32 36.15
74   7.40 7.40 35.70
75   6.78 7.40 35.70
76   6.89 7.40 35.70
77   7.14 7.40 35.70
78   7.35 7.40 35.70
79   6.44 7.40 35.70
80   6.71 7.40 35.70
81   7.30 7.40 35.70
82   6.79 7.40 35.70
83   7.45 7.45 43.63
84   8.15 8.15 44.79
85   6.72 8.15 44.79
86   7.54 8.15 44.79
87   5.94 8.15 44.79
88   6.67 8.15 44.79
89   7.87 8.15 44.79
90   6.33 8.15 44.79
91   6.57 8.15 44.79
92   6.87 8.15 44.79
93   7.05 8.15 44.79
94   6.78 8.15 44.79
95   7.18 8.15 44.79
96   6.67 8.15 44.79
97   7.88 8.15 44.79
98   7.49 8.15 44.79
99   7.15 8.15 44.79
100   7.46 8.15 44.79
101   6.78 8.15 44.79
102   7.21 8.15 44.79
103   7.67 8.15 44.79
104   6.54 8.15 44.79
105   6.22 8.15 44.79
106   7.07 8.15 44.79
107   7.84 8.15 44.79
108   7.59 8.15 44.79
109   7.90 8.15 44.79
110   8.09 8.15 44.79
111   7.39 8.15 44.79
112   7.68 8.15 44.79
113   8.29 8.29 45.06
114   7.91 8.29 45.06
115   8.24 8.29 45.06
116   7.61 8.29 45.06
117   7.65 8.29 45.06
118   8.17 8.29 45.06
119   8.38 8.38 45.65
120   8.41 8.29 44.09
121   8.50 8.50 46.26
122   7.55 8.50 46.26
123   8.14 8.50 46.26
124   8.67 8.67 46.38
125   8.90 8.90 45.02
126   8.47 8.90 45.02
127   8.47 8.90 45.02
128   8.46 8.90 45.02
129   8.03 8.90 45.02
130   8.88 8.90 45.02
131   8.42 8.90 45.02
132   8.40 8.90 45.02
133   8.18 8.90 45.02
134   8.12 8.90 45.02
135   8.34 8.90 45.02
136   8.75 8.90 45.02
137   8.49 8.90 45.02
138   8.54 8.90 45.02
139   8.12 8.90 45.02
140   7.86 8.90 45.02
141   9.05 9.05 47.88
142   8.50 9.05 47.88
143   8.23 9.05 47.88
144   8.35 9.05 47.88
145   8.74 9.05 47.88
146   8.98 9.05 47.88
147   8.43 9.05 47.88
148   8.03 9.05 47.88
149   8.17 9.05 47.88
150   8.30 9.05 47.88
151   8.19 9.05 47.88
152   8.92 9.05 47.88
153   8.64 9.05 47.88
154   8.69 9.05 47.88
155   8.81 9.05 47.88
156   9.01 9.05 47.88
157   8.20 9.05 47.88
158   9.44 9.44 49.45
159   8.37 9.44 49.45
160   8.96 9.44 49.45
161   8.92 9.44 49.45
162   9.26 9.44 49.45
163   8.47 9.44 49.45
164   8.63 9.44 49.45
165   8.83 9.44 49.45
166   8.16 9.44 49.45
167   8.47 9.44 49.45
168   7.97 9.44 49.45
169   8.93 9.44 49.45
170   9.34 9.44 49.45
171   8.42 9.44 49.45
172   8.54 9.44 49.45
173   9.07 9.44 49.45
174   8.43 9.44 49.45
175   8.67 9.44 49.45
176   8.75 9.44 49.45
177   9.38 9.44 49.45
178   8.71 9.44 49.45
179   9.00 9.44 49.45
180   9.83 9.83 51.57
181   8.39 9.83 51.57
182   10.22 10.22 55.68
183   8.56 10.22 55.68
184   9.13 10.22 55.68
185   9.72 10.22 55.68
186   9.40 10.22 55.68
187   9.16 10.22 55.68
188   9.05 10.22 55.68
189   9.08 10.22 55.68
190   8.95 10.22 55.68
191   9.00 10.22 55.68
192   9.05 10.22 55.68
193   9.57 10.22 55.68
194   8.85 10.22 55.68
195   8.96 10.22 55.68
196   8.93 10.22 55.68
197   9.11 10.22 55.68
198   9.35 10.22 55.68
199   9.06 10.22 55.68
200   9.47 10.22 55.68
201   9.71 10.22 55.68
202   9.35 10.22 55.68
203   8.51 10.22 55.68
204   10.02 10.22 55.68
205   8.85 10.22 55.68
206   9.36 10.22 55.68
207   9.69 10.22 55.68
208   8.76 10.22 55.68
209   9.77 10.22 55.68
210   9.06 10.22 55.68
211   9.03 10.22 55.68
212   9.19 10.22 55.68
213   9.43 10.22 55.68
214   8.95 10.22 55.68
215   8.68 10.22 55.68
216   8.74 10.22 55.68
217   8.91 10.22 55.68
218   9.41 10.22 55.68
219   8.61 10.22 55.68
220   9.22 10.22 55.68
221   9.54 10.22 55.68
222   8.90 10.22 55.68
223   8.32 10.22 55.68
224   9.32 10.22 55.68
225   9.59 10.22 55.68
226   9.33 10.22 55.68
227   8.95 10.22 55.68
228   9.31 10.22 55.68
229   9.68 10.22 55.68
230   8.96 10.22 55.68
231   9.33 10.22 55.68
232   9.13 10.22 55.68
233   9.24 10.22 55.68
234   8.29 10.22 55.68
235   9.14 10.22 55.68
236   9.11 10.22 55.68
237   8.21 10.22 55.68
238   8.79 10.22 55.68
239   8.59 10.22 55.68
240   9.16 10.22 55.68
241   9.36 10.22 55.68
242   9.05 10.22 55.68
243   8.87 10.22 55.68
244   8.87 10.22 55.68
245   7.95 10.22 55.68
246   9.57 10.22 55.68
247   8.66 10.22 55.68
248   9.07 10.22 55.68
249   9.12 10.22 55.68
250   9.04 10.22 55.68
251   9.02 10.22 55.68
252   8.48 10.22 55.68
253   9.59 10.22 55.68
254   8.23 10.22 55.68
255   9.83 10.22 55.68
256   9.34 10.22 55.68
257   8.58 10.22 55.68
258   9.44 10.22 55.68
259   9.19 10.22 55.68
260   9.21 10.22 55.68
261   9.26 10.22 55.68
262   8.70 10.22 55.68
263   9.68 10.22 55.68
264   9.13 10.22 55.68
265   9.39 10.22 55.68
266   10.16 10.22 55.68
267   8.70 10.22 55.68
268   8.38 10.22 55.68
269   8.15 10.22 55.68
270   8.44 10.22 55.68
271   8.83 10.22 55.68
272   10.32 10.22 54.73
273   8.98 10.22 55.68
274   8.68 10.22 55.68
275   9.39 10.22 55.68
276   9.07 10.22 55.68
277   8.71 10.22 55.68
278   9.22 10.22 55.68
279   8.80 10.22 55.68
280   9.57 10.22 55.68
281   8.80 10.22 55.68
282   9.18 10.22 55.68
283   9.00 10.22 55.68
284   9.63 10.22 55.68
285   9.15 10.22 55.68
286   9.86 10.22 55.68
287   9.05 10.22 55.68
288   9.27 10.22 55.68
289   9.39 10.22 55.68
290   9.61 10.22 55.68
291   9.34 10.22 55.68
292   8.87 10.22 55.68
293   9.53 10.22 55.68
294   8.84 10.22 55.68
295   9.09 10.22 55.68
296   9.60 10.22 55.68
297   9.59 10.22 55.68
298   9.25 10.22 55.68
299   9.19 10.22 55.68
stopping workers
Worker #  4 Worker #  1  shutting down.
Worker #  3  shutting down.Worker #  8  shutting down.Worker #  7  shutting down.
 shutting down.

Worker #  9  shutting down.
Worker #  6  shutting down.
Worker #  2  shutting down.
Worker #  10  shutting down.
Worker #  5  shutting down.
Worker #  11  shutting down.

