	*** Running with hyperparameters:  p/masuda/biped1003.json 	***
Loading myHyp...
	*** Running with hyperparameters:  p/masuda/biped1003.json 	***
Loading myHyp...
	*** Running with hyperparameters:  p/masuda/biped1003.json 	***
Loading myHyp...
	*** Running with hyperparameters:  p/masuda/biped1003.json 	***
Loading myHyp...
	*** Running with hyperparameters:  p/masuda/biped1003.json 	***
Loading myHyp...
	*** Running with hyperparameters:  p/masuda/biped1003.json 	***
Loading myHyp...
	*** Running with hyperparameters:  p/masuda/biped1003.json 	***
Loading myHyp...
	*** Running with hyperparameters:  p/masuda/biped1003.json 	***
Loading myHyp...
	*** Running with hyperparameters:  p/masuda/biped1003.json 	***
Loading myHyp...
	*** Running with hyperparameters:  p/masuda/biped1003.json 	***
	*** Running with hyperparameters:  p/masuda/biped1003.json 	***
Loading myHyp...
Loading myHyp...
	*** Running with hyperparameters:  p/masuda/biped1003.json 	***
Loading myHyp...
Ready. core6
Ready. core0
Ready. core1
Ready. core5
Ready. core8
Ready. core9
Ready. core11
Ready. core2
Ready. core7
Ready. core3
Ready. core4
Ready. core10
0   -3.80 -3.80 1.76
1   -3.42 -3.42 1.88
2   -2.26 -2.26 1.62
3   -1.80 -1.80 2.21
4   -1.02 -1.02 2.95
5   0.81 0.81 2.87
6   1.24 1.24 3.20
7   1.61 1.61 5.12
8   2.36 -3.42 8.87
9   2.66 2.66 8.73
10   2.28 2.66 8.73
11   2.60 2.66 8.73
12   2.22 2.66 8.73
13   2.45 2.66 8.73
14   2.09 2.66 8.73
15   2.44 2.66 8.73
16   2.38 2.66 8.73
17   2.63 2.66 8.73
18   2.59 2.66 8.73
19   2.78 2.78 9.03
20   2.94 2.94 8.33
21   2.93 2.94 8.33
22   3.01 3.01 9.21
23   3.28 3.28 9.45
24   3.39 2.66 9.66
25   3.16 3.16 9.23
26   3.31 3.31 7.31
27   3.67 3.67 10.00
28   3.42 3.67 10.00
29   3.83 3.83 8.73
30   3.65 3.83 8.73
31   3.98 3.98 10.93
32   3.82 3.98 10.93
33   3.83 3.98 10.93
34   4.19 4.19 10.69
35   3.93 4.19 10.69
36   3.86 4.19 10.69
37   3.90 4.19 10.69
38   4.16 4.19 10.69
39   4.02 4.19 10.69
40   4.16 4.19 10.69
41   4.16 4.19 10.69
42   4.18 4.19 10.69
43   4.18 4.19 10.69
44   4.29 4.29 10.75
45   4.21 4.29 10.75
46   4.32 4.32 11.37
47   4.21 4.32 11.37
48   4.37 4.19 11.13
49   4.33 4.33 11.06
50   4.30 4.33 11.06
51   4.45 4.45 11.77
52   4.35 4.45 11.77
53   4.36 4.45 11.77
54   4.44 4.45 11.77
55   4.56 4.56 11.77
56   4.54 4.56 11.77
57   4.44 4.56 11.77
58   4.44 4.56 11.77
59   4.51 4.56 11.77
60   4.38 4.56 11.77
61   4.52 4.56 11.77
62   4.42 4.56 11.77
63   4.55 4.56 11.77
64   4.53 4.56 11.77
65   4.46 4.56 11.77
66   4.51 4.56 11.77
67   4.49 4.56 11.77
68   4.38 4.56 11.77
69   4.53 4.56 11.77
70   4.56 4.56 12.03
71   4.51 4.56 12.03
72   4.57 4.56 11.91
73   4.60 4.60 11.96
74   4.56 4.60 11.96
75   4.58 4.60 11.96
76   4.69 4.69 12.01
77   4.57 4.69 12.01
78   4.67 4.69 12.01
79   4.65 4.69 12.01
80   4.60 4.69 12.01
81   4.51 4.69 12.01
82   4.55 4.69 12.01
83   4.60 4.69 12.01
84   4.75 4.75 12.13
85   4.66 4.75 12.13
86   4.77 4.77 12.42
87   4.76 4.77 12.42
88   4.67 4.77 12.42
89   4.76 4.77 12.42
90   4.60 4.77 12.42
91   4.79 4.79 12.29
92   4.76 4.79 12.29
93   4.81 4.81 11.97
94   4.54 4.81 11.97
95   4.69 4.81 11.97
96   4.61 4.81 11.97
97   4.72 4.81 11.97
98   4.83 4.83 12.32
99   4.62 4.83 12.32
100   4.71 4.83 12.32
101   4.73 4.83 12.32
102   4.66 4.83 12.32
103   4.83 4.83 12.32
104   4.83 4.83 12.32
105   4.78 4.83 12.32
106   4.70 4.83 12.32
107   4.59 4.83 12.32
108   4.80 4.83 12.32
109   4.80 4.83 12.32
110   4.67 4.83 12.32
111   4.81 4.83 12.32
112   4.65 4.83 12.32
113   4.69 4.83 12.32
114   4.59 4.83 12.32
115   4.66 4.83 12.32
116   4.75 4.83 12.32
117   4.70 4.83 12.32
118   4.61 4.83 12.32
119   4.75 4.83 12.32
120   4.80 4.83 12.32
121   4.78 4.83 12.32
122   4.66 4.83 12.32
123   4.86 4.86 11.89
124   4.65 4.86 11.89
125   4.77 4.86 11.89
126   4.83 4.86 11.89
127   4.96 4.96 12.04
128   4.89 4.96 12.04
129   4.77 4.96 12.04
130   4.85 4.96 12.04
131   4.83 4.96 12.04
132   4.77 4.96 12.04
133   4.78 4.96 12.04
134   4.78 4.96 12.04
135   4.85 4.96 12.04
136   4.84 4.96 12.04
137   5.04 5.04 12.32
138   4.84 5.04 12.32
139   4.90 5.04 12.32
140   4.93 5.04 12.32
141   4.75 5.04 12.32
142   4.98 5.04 12.32
143   4.91 5.04 12.32
144   4.87 5.04 12.32
145   4.99 5.04 12.32
146   4.86 5.04 12.32
147   4.95 5.04 12.32
148   4.79 5.04 12.32
149   4.86 5.04 12.32
150   4.68 5.04 12.32
151   4.76 5.04 12.32
152   4.82 5.04 12.32
153   4.95 5.04 12.32
154   4.87 5.04 12.32
155   4.90 5.04 12.32
156   4.85 5.04 12.32
157   4.92 5.04 12.32
158   4.80 5.04 12.32
159   4.82 5.04 12.32
160   4.91 5.04 12.32
161   4.82 5.04 12.32
162   4.96 5.04 12.32
163   4.93 5.04 12.32
164   4.95 5.04 12.32
165   4.82 5.04 12.32
166   4.90 5.04 12.32
167   5.01 5.04 12.32
168   4.92 5.04 12.32
169   4.87 5.04 12.32
170   4.88 5.04 12.32
171   5.00 5.04 12.32
172   4.85 5.04 12.32
173   4.80 5.04 12.32
174   4.85 5.04 12.32
175   4.75 5.04 12.32
176   4.79 5.04 12.32
177   4.89 5.04 12.32
178   4.94 5.04 12.32
179   4.88 5.04 12.32
180   4.94 5.04 12.32
181   4.80 5.04 12.32
182   4.84 5.04 12.32
183   4.85 5.04 12.32
184   4.93 5.04 12.32
185   4.93 5.04 12.32
186   4.94 5.04 12.32
187   4.84 5.04 12.32
188   4.88 5.04 12.32
189   4.88 5.04 12.32
190   4.89 5.04 12.32
191   4.85 5.04 12.32
192   5.04 5.04 12.00
193   4.82 5.04 12.32
194   4.93 5.04 12.32
195   4.90 5.04 12.32
196   4.69 5.04 12.32
197   4.78 5.04 12.32
198   4.93 5.04 12.32
199   4.89 5.04 12.32
200   4.97 5.04 12.32
201   4.72 5.04 12.32
202   4.83 5.04 12.32
203   4.91 5.04 12.32
204   4.95 5.04 12.32
205   4.83 5.04 12.32
206   4.85 5.04 12.32
207   4.83 5.04 12.32
208   4.95 5.04 12.32
209   4.80 5.04 12.32
210   5.01 5.04 12.32
211   4.68 5.04 12.32
212   4.86 5.04 12.32
213   4.74 5.04 12.32
214   4.86 5.04 12.32
215   4.80 5.04 12.32
216   4.85 5.04 12.32
217   4.78 5.04 12.32
218   4.75 5.04 12.32
219   4.76 5.04 12.32
220   4.71 5.04 12.32
221   4.79 5.04 12.32
222   4.65 5.04 12.32
223   4.76 5.04 12.32
224   4.81 5.04 12.32
225   4.85 5.04 12.32
226   4.92 5.04 12.32
227   4.76 5.04 12.32
228   4.86 5.04 12.32
229   4.93 5.04 12.32
230   4.87 5.04 12.32
231   4.99 5.04 12.32
232   4.79 5.04 12.32
233   4.90 5.04 12.32
234   4.93 5.04 12.32
235   4.89 5.04 12.32
236   4.98 5.04 12.32
237   4.85 5.04 12.32
238   4.79 5.04 12.32
239   4.99 5.04 12.32
240   4.97 5.04 12.32
241   4.81 5.04 12.32
242   4.93 5.04 12.32
243   4.90 5.04 12.32
244   4.84 5.04 12.32
245   4.79 5.04 12.32
246   4.86 5.04 12.32
247   4.87 5.04 12.32
248   4.84 5.04 12.32
249   4.96 5.04 12.32
250   4.81 5.04 12.32
251   4.92 5.04 12.32
252   4.68 5.04 12.32
253   4.86 5.04 12.32
254   4.88 5.04 12.32
255   4.80 5.04 12.32
256   4.87 5.04 12.32
257   4.95 5.04 12.32
258   4.85 5.04 12.32
259   4.82 5.04 12.32
260   4.81 5.04 12.32
261   4.78 5.04 12.32
262   4.86 5.04 12.32
263   4.91 5.04 12.32
264   4.92 5.04 12.32
265   4.95 5.04 12.32
266   4.98 5.04 12.32
267   4.96 5.04 12.32
268   4.95 5.04 12.32
269   4.79 5.04 12.32
270   4.92 5.04 12.32
271   4.72 5.04 12.32
272   4.94 5.04 12.32
273   4.81 5.04 12.32
274   4.86 5.04 12.32
275   5.02 5.04 12.32
276   4.89 5.04 12.32
277   4.84 5.04 12.32
278   4.92 5.04 12.32
279   4.94 5.04 12.32
280   4.91 5.04 12.32
281   4.61 5.04 12.32
282   4.86 5.04 12.32
283   4.96 5.04 12.32
284   4.78 5.04 12.32
285   4.84 5.04 12.32
286   4.89 5.04 12.32
287   4.78 5.04 12.32
288   4.86 5.04 12.32
289   4.86 5.04 12.32
290   4.78 5.04 12.32
291   4.77 5.04 12.32
292   4.96 5.04 12.32
293   4.81 5.04 12.32
294   4.95 5.04 12.32
295   4.89 5.04 12.32
296   4.93 5.04 12.32
297   4.74 5.04 12.32
298   4.85 5.04 12.32
299   4.87 5.04 12.32
stopping workers
Worker #  1  shutting down.
Worker #  7  shutting down.
Worker #  6  shutting down.
Worker #  10  shutting down.
Worker #  4  shutting down.
Worker #  8  shutting down.
Worker #  2  shutting down.
Worker #  3  shutting down.
Worker #  5  shutting down.
Worker #  9  shutting down.
Worker #  11  shutting down.
