	*** Running with hyperparameters:  p/masuda/biped1003.json 	***
	*** Running with hyperparameters:  p/masuda/biped1003.json 	***
Loading myHyp...
Loading myHyp...
	*** Running with hyperparameters:  p/masuda/biped1003.json 	***
Loading myHyp...
	*** Running with hyperparameters:  p/masuda/biped1003.json 	***
Loading myHyp...
	*** Running with hyperparameters:  p/masuda/biped1003.json 	***
Loading myHyp...
	*** Running with hyperparameters:  p/masuda/biped1003.json 	***
Loading myHyp...
	*** Running with hyperparameters:  p/masuda/biped1003.json 	***
Loading myHyp...
	*** Running with hyperparameters:  p/masuda/biped1003.json 	***
Loading myHyp...
	*** Running with hyperparameters:  p/masuda/biped1003.json 	***
Loading myHyp...
	*** Running with hyperparameters:  p/masuda/biped1003.json 	***
Loading myHyp...
	*** Running with hyperparameters:  p/masuda/biped1003.json 	***
Loading myHyp...
	*** Running with hyperparameters:  p/masuda/biped1003.json 	***
Loading myHyp...
Ready. core4
Ready. core9
Ready. core3
Ready. core0
Ready. core8
Ready. core6
Ready. core1
Ready. core11
Ready. core2
Ready. core10
Ready. core5
Ready. core7
0   -5.11 -5.11 1.38
1   -3.77 -3.77 2.41
2   -3.90 -3.77 2.41
3   -3.73 -3.73 3.70
4   -3.34 -3.34 4.08
5   -3.35 -3.34 4.08
6   -2.91 -2.91 4.65
7   -2.57 -2.57 4.66
8   -2.08 -3.77 4.64
9   -1.82 -1.82 4.47
10   -1.56 -1.56 4.45
11   -1.64 -1.56 4.45
12   -0.04 -0.04 4.27
13   -0.25 -0.04 4.27
14   -0.21 -0.04 4.27
15   0.04 0.04 4.66
16   0.13 -1.82 4.63
17   -0.04 -0.04 4.74
18   0.26 0.26 4.75
19   0.56 0.56 5.06
20   1.71 1.71 5.48
21   1.32 1.71 5.48
22   1.66 1.71 5.48
23   1.67 1.71 5.48
24   1.82 -0.04 4.92
25   1.61 1.61 5.56
26   1.84 1.84 5.53
27   2.22 2.22 5.22
28   2.39 2.39 5.34
29   2.19 2.39 5.34
30   2.08 2.39 5.34
31   2.15 2.39 5.34
32   2.10 2.39 5.34
33   2.18 2.39 5.34
34   2.15 2.39 5.34
35   2.32 2.39 5.34
36   2.10 2.39 5.34
37   2.52 2.52 5.26
38   2.41 2.52 5.26
39   2.30 2.52 5.26
40   2.38 2.52 5.26
41   2.41 2.52 5.26
42   2.18 2.52 5.26
43   2.79 2.79 5.64
44   2.53 2.79 5.64
45   2.49 2.79 5.64
46   2.71 2.79 5.64
47   2.33 2.79 5.64
48   2.52 2.79 5.64
49   2.68 2.79 5.64
50   2.74 2.79 5.64
51   2.16 2.79 5.64
52   2.32 2.79 5.64
53   2.18 2.79 5.64
54   2.81 2.81 5.64
55   2.43 2.81 5.64
56   2.16 2.81 5.64
57   2.51 2.81 5.64
58   2.30 2.81 5.64
59   2.38 2.81 5.64
60   2.48 2.81 5.64
61   2.45 2.81 5.64
62   2.28 2.81 5.64
63   2.39 2.81 5.64
64   2.19 2.81 5.64
65   2.38 2.81 5.64
66   2.19 2.81 5.64
67   2.31 2.81 5.64
68   2.50 2.81 5.64
69   2.36 2.81 5.64
70   2.54 2.81 5.64
71   2.47 2.81 5.64
72   2.40 2.81 5.64
73   2.45 2.81 5.64
74   2.57 2.81 5.64
75   2.51 2.81 5.64
76   2.71 2.81 5.64
77   2.61 2.81 5.64
78   2.44 2.81 5.64
79   2.62 2.81 5.64
80   2.60 2.81 5.64
81   2.47 2.81 5.64
82   2.53 2.81 5.64
83   2.69 2.81 5.64
84   2.63 2.81 5.64
85   2.61 2.81 5.64
86   2.46 2.81 5.64
87   2.74 2.81 5.64
88   2.63 2.81 5.64
89   2.50 2.81 5.64
90   2.47 2.81 5.64
91   2.66 2.81 5.64
92   2.58 2.81 5.64
93   2.88 2.88 5.76
94   3.01 3.01 5.78
95   2.72 3.01 5.78
96   2.80 3.01 5.78
97   2.71 3.01 5.78
98   2.70 3.01 5.78
99   2.57 3.01 5.78
100   2.92 3.01 5.78
101   2.94 3.01 5.78
102   2.76 3.01 5.78
103   2.69 3.01 5.78
104   3.05 3.01 6.06
105   2.95 3.01 5.78
106   3.02 3.02 5.81
107   3.33 3.33 5.78
108   3.21 3.33 5.78
109   3.29 3.33 5.78
110   3.03 3.33 5.78
111   3.38 3.38 6.78
112   3.01 3.38 6.78
113   3.28 3.38 6.78
114   3.43 3.43 5.84
115   3.27 3.43 5.84
116   3.23 3.43 5.84
117   3.30 3.43 5.84
118   3.27 3.43 5.84
119   3.53 3.53 5.87
120   3.15 3.53 5.87
121   3.66 3.66 6.00
122   3.31 3.66 6.00
123   3.02 3.66 6.00
124   3.36 3.66 6.00
125   3.11 3.66 6.00
126   3.27 3.66 6.00
127   3.41 3.66 6.00
128   3.35 3.66 6.00
129   3.41 3.66 6.00
130   3.29 3.66 6.00
131   3.09 3.66 6.00
132   3.21 3.66 6.00
133   3.67 3.67 5.81
134   3.30 3.67 5.81
135   3.22 3.67 5.81
136   3.45 3.67 5.81
137   3.66 3.67 5.81
138   2.98 3.67 5.81
139   3.38 3.67 5.81
140   3.17 3.67 5.81
141   3.51 3.67 5.81
142   3.31 3.67 5.81
143   3.32 3.67 5.81
144   3.40 3.67 5.81
145   3.63 3.67 5.81
146   3.31 3.67 5.81
147   3.58 3.67 5.81
148   3.61 3.67 5.81
149   3.43 3.67 5.81
150   3.46 3.67 5.81
151   3.50 3.67 5.81
152   3.23 3.67 5.81
153   3.87 3.87 9.63
154   3.97 3.97 9.92
155   3.58 3.97 9.92
156   3.60 3.97 9.92
157   3.53 3.97 9.92
158   3.65 3.97 9.92
159   3.68 3.97 9.92
160   3.46 3.97 9.92
161   3.66 3.97 9.92
162   3.59 3.97 9.92
163   3.43 3.97 9.92
164   3.95 3.97 9.92
165   3.44 3.97 9.92
166   3.53 3.97 9.92
167   3.77 3.97 9.92
168   3.40 3.97 9.92
169   3.45 3.97 9.92
170   3.34 3.97 9.92
171   3.57 3.97 9.92
172   3.45 3.97 9.92
173   3.46 3.97 9.92
174   3.65 3.97 9.92
175   3.77 3.97 9.92
176   4.16 3.97 9.93
177   3.48 3.97 9.92
178   3.82 3.97 9.92
179   4.05 4.05 9.77
180   3.77 4.05 9.77
181   3.47 4.05 9.77
182   3.38 4.05 9.77
183   3.37 4.05 9.77
184   3.61 4.05 9.77
185   3.35 4.05 9.77
186   3.55 4.05 9.77
187   3.90 4.05 9.77
188   3.42 4.05 9.77
189   3.39 4.05 9.77
190   4.06 4.06 9.81
191   3.98 4.06 9.81
192   3.70 4.06 9.81
193   3.35 4.06 9.81
194   3.47 4.06 9.81
195   4.13 4.13 9.99
196   3.57 4.13 9.99
197   3.26 4.13 9.99
198   3.49 4.13 9.99
199   4.28 4.28 9.62
200   3.53 4.28 9.62
201   3.44 4.28 9.62
202   3.87 4.28 9.62
203   3.61 4.28 9.62
204   3.44 4.28 9.62
205   3.95 4.28 9.62
206   3.20 4.28 9.62
207   3.64 4.28 9.62
208   3.30 4.28 9.62
209   3.19 4.28 9.62
210   3.35 4.28 9.62
211   3.50 4.28 9.62
212   3.49 4.28 9.62
213   3.65 4.28 9.62
214   3.41 4.28 9.62
215   3.64 4.28 9.62
216   3.66 4.28 9.62
217   3.81 4.28 9.62
218   3.74 4.28 9.62
219   3.53 4.28 9.62
220   3.65 4.28 9.62
221   3.34 4.28 9.62
222   3.43 4.28 9.62
223   4.27 4.28 9.62
224   4.08 4.28 9.62
225   3.09 4.28 9.62
226   3.61 4.28 9.62
227   3.57 4.28 9.62
228   3.75 4.28 9.62
229   3.41 4.28 9.62
230   3.59 4.28 9.62
231   4.36 4.36 8.63
232   3.74 4.36 8.63
233   4.00 4.36 8.63
234   3.74 4.36 8.63
235   4.18 4.36 8.63
236   3.43 4.36 8.63
237   3.83 4.36 8.63
238   3.60 4.36 8.63
239   3.95 4.36 8.63
240   3.85 4.36 8.63
241   4.27 4.36 8.63
242   3.75 4.36 8.63
243   4.29 4.36 8.63
244   4.16 4.36 8.63
245   3.93 4.36 8.63
246   3.88 4.36 8.63
247   3.90 4.36 8.63
248   3.92 4.36 8.63
249   4.02 4.36 8.63
250   4.28 4.36 8.63
