	*** Running with hyperparameters:  p/masuda/biped1003.json 	***
Loading myHyp...
	*** Running with hyperparameters:  p/masuda/biped1003.json 	***
Loading myHyp...
	*** Running with hyperparameters:  p/masuda/biped1003.json 	***
Loading myHyp...
	*** Running with hyperparameters:  p/masuda/biped1003.json 	***
Loading myHyp...
	*** Running with hyperparameters:  p/masuda/biped1003.json 	***
Loading myHyp...
	*** Running with hyperparameters:  p/masuda/biped1003.json 	***
Loading myHyp...
	*** Running with hyperparameters:  p/masuda/biped1003.json 	***
Loading myHyp...
	*** Running with hyperparameters:  p/masuda/biped1003.json 	***
Loading myHyp...
	*** Running with hyperparameters:  p/masuda/biped1003.json 	***
Loading myHyp...
	*** Running with hyperparameters:  p/masuda/biped1003.json 	***
Loading myHyp...
	*** Running with hyperparameters:  p/masuda/biped1003.json 	***
Loading myHyp...
	*** Running with hyperparameters:  p/masuda/biped1003.json 	***
Loading myHyp...
Ready. core9
Ready. core3
Ready. core1
Ready. core8
Ready. core2
Ready. core7
Ready. core11
Ready. core0
Ready. core5
Ready. core4
Ready. core6
Ready. core10
0   -4.87 -4.87 3.23
1   -4.22 -4.22 0.32
2   -3.68 -3.68 1.60
3   -3.36 -3.36 0.44
4   -3.36 -3.36 1.51
5   -2.73 -2.73 1.58
6   -2.13 -2.13 1.41
7   -2.18 -2.13 1.41
8   -1.80 -4.22 0.85
9   -1.77 -1.77 0.62
10   -1.59 -1.59 1.49
11   -1.47 -1.47 1.73
12   -1.25 -1.25 2.24
13   -0.90 -0.90 1.80
14   -0.67 -0.67 1.82
15   -0.52 -0.52 2.76
16   -0.45 -1.77 1.85
17   -0.38 -0.38 2.91
18   -0.46 -0.38 2.91
19   -0.34 -0.34 2.72
20   -0.15 -0.15 2.82
21   -0.20 -0.15 2.82
22   0.03 0.03 3.02
23   -0.11 0.03 3.02
24   0.16 -0.38 3.73
25   0.07 0.07 3.29
26   0.30 0.30 3.53
27   0.32 0.32 3.47
28   0.52 0.52 4.61
29   0.90 0.90 3.77
30   0.83 0.90 3.77
31   0.66 0.90 3.77
32   0.67 0.90 3.77
33   0.96 0.96 3.69
34   1.08 1.08 3.32
35   1.26 1.26 4.31
36   1.24 1.26 4.31
37   1.25 1.26 4.31
38   1.24 1.26 4.31
39   1.35 1.35 3.57
40   1.35 1.35 3.57
41   1.69 1.69 4.22
42   1.56 1.69 4.22
43   1.60 1.69 4.22
44   1.61 1.69 4.22
45   1.57 1.69 4.22
46   1.66 1.69 4.22
47   1.67 1.69 4.22
48   1.68 1.69 4.22
49   1.69 1.69 4.23
50   1.73 1.73 4.66
51   1.72 1.73 4.66
52   1.95 1.95 4.85
53   1.83 1.95 4.85
54   1.77 1.95 4.85
55   1.83 1.95 4.85
56   1.87 1.95 4.85
57   1.90 1.95 4.85
58   1.87 1.95 4.85
59   1.90 1.95 4.85
60   1.94 1.95 4.85
61   2.02 2.02 4.42
62   1.95 2.02 4.42
63   2.06 2.06 4.83
64   1.92 2.06 4.83
65   1.94 2.06 4.83
66   2.05 2.06 4.83
67   1.99 2.06 4.83
68   2.00 2.06 4.83
69   1.95 2.06 4.83
70   2.00 2.06 4.83
71   1.91 2.06 4.83
72   1.96 2.06 4.83
73   2.01 2.06 4.83
74   1.98 2.06 4.83
75   2.01 2.06 4.83
76   1.94 2.06 4.83
77   1.99 2.06 4.83
78   1.95 2.06 4.83
79   1.94 2.06 4.83
80   2.04 2.06 4.83
81   1.95 2.06 4.83
82   1.96 2.06 4.83
83   2.04 2.06 4.83
84   2.01 2.06 4.83
85   1.99 2.06 4.83
86   1.98 2.06 4.83
87   2.12 2.12 5.18
88   2.03 2.12 5.18
89   1.87 2.12 5.18
90   2.04 2.12 5.18
91   1.98 2.12 5.18
92   2.15 2.15 5.65
93   2.04 2.15 5.65
94   2.19 2.19 5.21
95   1.99 2.19 5.21
96   2.02 2.19 5.21
97   2.02 2.19 5.21
98   2.01 2.19 5.21
99   2.09 2.19 5.21
100   2.25 2.25 5.51
101   2.07 2.25 5.51
102   2.19 2.25 5.51
103   2.21 2.25 5.51
104   2.11 2.25 5.51
105   2.05 2.25 5.51
106   2.23 2.25 5.51
107   2.15 2.25 5.51
108   2.22 2.25 5.51
109   2.19 2.25 5.51
110   2.23 2.25 5.51
111   2.44 2.44 5.48
112   2.13 2.44 5.48
113   2.25 2.44 5.48
114   2.23 2.44 5.48
115   2.26 2.44 5.48
116   2.31 2.44 5.48
117   2.37 2.44 5.48
118   2.21 2.44 5.48
119   2.29 2.44 5.48
120   2.17 2.44 5.48
121   2.24 2.44 5.48
122   2.14 2.44 5.48
123   2.25 2.44 5.48
124   2.27 2.44 5.48
125   2.24 2.44 5.48
126   2.25 2.44 5.48
127   2.33 2.44 5.48
128   2.29 2.44 5.48
129   2.28 2.44 5.48
130   2.25 2.44 5.48
131   2.33 2.44 5.48
132   2.24 2.44 5.48
133   2.32 2.44 5.48
134   2.20 2.44 5.48
135   2.24 2.44 5.48
136   2.33 2.44 5.48
137   2.31 2.44 5.48
138   2.32 2.44 5.48
139   2.27 2.44 5.48
140   2.31 2.44 5.48
141   2.50 2.50 5.65
142   2.44 2.50 5.65
143   2.25 2.50 5.65
144   2.42 2.50 5.65
145   2.53 2.53 5.79
146   2.29 2.53 5.79
147   2.43 2.53 5.79
148   2.47 2.53 5.79
149   2.30 2.53 5.79
150   2.31 2.53 5.79
151   2.44 2.53 5.79
152   2.25 2.53 5.79
153   2.45 2.53 5.79
154   2.42 2.53 5.79
155   2.37 2.53 5.79
156   2.48 2.53 5.79
157   2.40 2.53 5.79
158   2.35 2.53 5.79
159   2.28 2.53 5.79
160   2.30 2.53 5.79
161   2.47 2.53 5.79
162   2.43 2.53 5.79
163   2.32 2.53 5.79
164   2.39 2.53 5.79
165   2.50 2.53 5.79
166   2.37 2.53 5.79
167   2.42 2.53 5.79
168   2.38 2.53 5.79
169   2.48 2.53 5.79
170   2.52 2.53 5.79
171   2.49 2.53 5.79
172   2.51 2.53 5.79
173   2.47 2.53 5.79
174   2.26 2.53 5.79
175   2.48 2.53 5.79
176   2.41 2.53 5.79
177   2.40 2.53 5.79
178   2.55 2.55 5.99
179   2.47 2.55 5.99
180   2.53 2.55 5.99
181   2.48 2.55 5.99
182   2.42 2.55 5.99
183   2.61 2.61 6.24
184   2.53 2.61 6.24
185   2.41 2.61 6.24
186   2.56 2.61 6.24
187   2.59 2.61 6.24
188   2.36 2.61 6.24
189   2.35 2.61 6.24
190   2.63 2.63 6.11
191   2.52 2.63 6.11
192   2.43 2.63 6.11
193   2.65 2.65 5.66
194   2.50 2.65 5.66
195   2.57 2.65 5.66
196   2.43 2.65 5.66
197   2.55 2.65 5.66
198   2.54 2.65 5.66
199   2.41 2.65 5.66
200   2.56 2.65 5.66
201   2.54 2.65 5.66
202   2.58 2.65 5.66
203   2.59 2.65 5.66
204   2.62 2.65 5.66
205   2.67 2.67 5.87
206   2.50 2.67 5.87
207   2.57 2.67 5.87
208   2.56 2.67 5.87
209   2.52 2.67 5.87
210   2.46 2.67 5.87
211   2.63 2.67 5.87
212   2.50 2.67 5.87
213   2.58 2.67 5.87
214   2.62 2.67 5.87
215   2.57 2.67 5.87
216   2.60 2.67 5.87
217   2.69 2.69 5.86
218   2.59 2.69 5.86
219   2.61 2.69 5.86
220   2.64 2.69 5.86
221   2.50 2.69 5.86
222   2.63 2.69 5.86
223   2.58 2.69 5.86
224   2.87 2.69 6.87
225   2.51 2.69 5.86
226   2.64 2.69 5.86
227   2.57 2.69 5.86
228   2.68 2.69 5.86
229   2.40 2.69 5.86
230   2.58 2.69 5.86
231   2.61 2.69 5.86
232   2.61 2.69 5.86
233   2.70 2.70 5.71
234   2.64 2.70 5.71
235   2.46 2.70 5.71
236   2.62 2.70 5.71
237   2.73 2.73 6.14
238   2.64 2.73 6.14
239   2.56 2.73 6.14
240   2.45 2.73 6.14
241   2.79 2.79 6.41
242   2.61 2.79 6.41
243   2.59 2.79 6.41
244   2.76 2.79 6.41
245   2.67 2.79 6.41
246   2.71 2.79 6.41
247   2.79 2.79 6.41
248   2.66 2.79 6.41
249   2.76 2.79 6.41
250   2.68 2.79 6.41
251   2.69 2.79 6.41
252   2.67 2.79 6.41
253   2.71 2.79 6.41
254   2.60 2.79 6.41
255   2.58 2.79 6.41
256   2.69 2.79 6.41
257   2.59 2.79 6.41
258   2.79 2.79 6.41
259   2.62 2.79 6.41
260   2.57 2.79 6.41
261   2.74 2.79 6.41
262   2.69 2.79 6.41
263   2.70 2.79 6.41
264   2.66 2.79 6.41
265   2.52 2.79 6.41
266   2.66 2.79 6.41
267   2.61 2.79 6.41
268   2.49 2.79 6.41
269   2.63 2.79 6.41
270   2.64 2.79 6.41
271   2.65 2.79 6.41
272   2.65 2.79 6.41
273   2.75 2.79 6.41
274   2.64 2.79 6.41
275   2.57 2.79 6.41
276   2.70 2.79 6.41
277   2.75 2.79 6.41
278   2.68 2.79 6.41
279   2.60 2.79 6.41
280   2.63 2.79 6.41
281   2.70 2.79 6.41
282   2.64 2.79 6.41
283   2.71 2.79 6.41
284   2.61 2.79 6.41
285   2.71 2.79 6.41
286   2.68 2.79 6.41
287   2.68 2.79 6.41
288   2.59 2.79 6.41
289   2.79 2.79 6.41
290   2.58 2.79 6.41
291   2.69 2.79 6.41
292   2.57 2.79 6.41
293   2.72 2.79 6.41
294   2.70 2.79 6.41
295   2.69 2.79 6.41
296   2.85 2.79 6.31
297   2.74 2.79 6.41
298   2.64 2.79 6.41
299   2.74 2.79 6.41
stopping workers
Worker #  4  shutting down.
Worker #  6  shutting down.
Worker #  2  shutting down.
Worker #  5  shutting down.
Worker #  8  shutting down.
Worker #  1  shutting down.
Worker #  7  shutting down.
Worker #  3  shutting down.
Worker #  10  shutting down.
Worker #  11  shutting down.
Worker #  9  shutting down.
