	*** Running with hyperparameters:  p/masuda/biped1003.json 	***
Loading myHyp...
	*** Running with hyperparameters:  p/masuda/biped1003.json 	***
Loading myHyp...
	*** Running with hyperparameters:  p/masuda/biped1003.json 	***
Loading myHyp...
	*** Running with hyperparameters:  p/masuda/biped1003.json 	***
	*** Running with hyperparameters:  p/masuda/biped1003.json 	***
Loading myHyp...
Loading myHyp...
	*** Running with hyperparameters:  p/masuda/biped1003.json 	***
Loading myHyp...
	*** Running with hyperparameters:  p/masuda/biped1003.json 	***
Loading myHyp...
	*** Running with hyperparameters:  p/masuda/biped1003.json 	***
Loading myHyp...
	*** Running with hyperparameters:  p/masuda/biped1003.json 	***
Loading myHyp...
	*** Running with hyperparameters:  p/masuda/biped1003.json 	***
	*** Running with hyperparameters:  p/masuda/biped1003.json 	***
Loading myHyp...
Loading myHyp...
	*** Running with hyperparameters:  p/masuda/biped1003.json 	***
Loading myHyp...
Ready. core10
Ready. core3
Ready. core7
Ready. core2
Ready. core6
Ready. core4
Ready. core5
Ready. core8
Ready. core0
Ready. core11
Ready. core9
Ready. core1
0   -5.01 -5.01 3.32
1   -4.67 -4.67 0.98
2   -3.79 -3.79 3.00
3   -3.27 -3.27 3.23
4   -2.67 -2.67 3.76
5   -1.20 -1.20 5.79
6   -0.86 -0.86 6.40
7   -0.86 -0.86 6.86
8   -0.71 -0.46 6.39
9   1.10 1.10 5.86
10   1.51 1.51 5.78
11   1.52 1.52 5.45
12   1.82 1.82 6.73
13   2.46 2.46 7.87
14   3.57 3.57 7.96
15   3.65 3.65 8.40
16   4.25 1.10 7.95
17   4.30 4.30 8.41
18   4.37 4.37 7.87
19   4.61 4.61 8.13
20   4.51 4.61 8.13
21   4.70 4.70 8.20
22   4.79 4.79 9.25
23   4.77 4.79 9.25
24   4.86 4.30 9.49
25   4.86 4.86 7.60
26   4.91 4.91 9.42
27   4.87 4.91 9.42
28   4.80 4.91 9.42
29   4.85 4.91 9.42
30   4.73 4.91 9.42
31   4.85 4.91 9.42
32   5.05 4.86 9.30
33   4.92 4.92 7.97
34   5.06 5.06 8.94
35   4.97 5.06 8.94
36   5.06 5.06 10.57
37   5.09 5.09 8.91
38   5.27 5.27 9.62
39   5.01 5.27 9.62
40   5.06 5.27 9.62
41   5.12 5.27 9.62
42   4.98 5.27 9.62
43   5.10 5.27 9.62
44   5.06 5.27 9.62
45   5.10 5.27 9.62
46   5.11 5.27 9.62
47   5.23 5.27 9.62
48   5.15 5.27 9.62
49   5.41 5.41 9.75
50   5.24 5.41 9.75
51   5.40 5.41 9.75
52   5.19 5.41 9.75
53   5.32 5.41 9.75
54   5.35 5.41 9.75
55   5.28 5.41 9.75
56   5.33 5.41 9.75
57   5.28 5.41 9.75
58   5.12 5.41 9.75
59   5.29 5.41 9.75
60   5.23 5.41 9.75
61   5.25 5.41 9.75
62   5.07 5.41 9.75
63   5.39 5.41 9.75
64   5.32 5.41 9.75
65   5.43 5.43 9.93
66   5.30 5.43 9.93
67   5.34 5.43 9.93
68   5.28 5.43 9.93
69   5.40 5.43 9.93
70   5.41 5.43 9.93
71   5.41 5.43 9.93
72   5.31 5.43 9.93
73   5.23 5.43 9.93
74   5.16 5.43 9.93
75   5.26 5.43 9.93
76   5.28 5.43 9.93
77   5.46 5.46 9.69
78   5.39 5.46 9.69
79   5.22 5.46 9.69
80   5.36 5.46 9.69
81   5.24 5.46 9.69
82   5.24 5.46 9.69
83   5.40 5.46 9.69
84   5.27 5.46 9.69
85   5.31 5.46 9.69
86   5.33 5.46 9.69
87   5.23 5.46 9.69
88   5.23 5.46 9.69
89   5.26 5.46 9.69
90   5.27 5.46 9.69
91   5.40 5.46 9.69
92   5.27 5.46 9.69
93   5.06 5.46 9.69
94   5.31 5.46 9.69
95   5.23 5.46 9.69
96   5.17 5.46 9.69
97   5.35 5.46 9.69
98   5.24 5.46 9.69
99   5.20 5.46 9.69
100   5.42 5.46 9.69
101   5.32 5.46 9.69
102   5.15 5.46 9.69
103   5.20 5.46 9.69
104   5.22 5.46 9.69
105   5.31 5.46 9.69
106   5.41 5.46 9.69
107   5.34 5.46 9.69
108   5.23 5.46 9.69
109   5.19 5.46 9.69
110   5.38 5.46 9.69
111   5.26 5.46 9.69
112   5.24 5.46 9.69
113   5.34 5.46 9.69
114   5.31 5.46 9.69
115   5.27 5.46 9.69
116   5.36 5.46 9.69
117   5.21 5.46 9.69
118   5.32 5.46 9.69
119   5.37 5.46 9.69
120   5.32 5.46 9.69
121   5.40 5.46 9.69
122   5.33 5.46 9.69
123   5.22 5.46 9.69
124   5.35 5.46 9.69
125   5.29 5.46 9.69
126   5.37 5.46 9.69
127   5.45 5.46 9.69
128   5.21 5.46 9.69
129   6.02 6.02 9.02
130   5.32 6.02 9.02
131   5.30 6.02 9.02
132   5.26 6.02 9.02
133   5.32 6.02 9.02
134   5.24 6.02 9.02
135   5.46 6.02 9.02
136   5.32 6.02 9.02
137   5.30 6.02 9.02
138   5.31 6.02 9.02
139   5.40 6.02 9.02
140   5.32 6.02 9.02
141   5.22 6.02 9.02
142   5.30 6.02 9.02
143   5.33 6.02 9.02
144   5.48 6.02 9.02
145   5.38 6.02 9.02
146   5.28 6.02 9.02
147   5.20 6.02 9.02
148   5.20 6.02 9.02
149   5.39 6.02 9.02
150   5.37 6.02 9.02
151   5.29 6.02 9.02
152   5.27 6.02 9.02
153   5.31 6.02 9.02
154   5.37 6.02 9.02
155   5.29 6.02 9.02
156   5.29 6.02 9.02
157   5.26 6.02 9.02
158   5.39 6.02 9.02
159   5.32 6.02 9.02
160   5.28 6.02 9.02
161   5.31 6.02 9.02
162   5.26 6.02 9.02
163   5.35 6.02 9.02
164   5.25 6.02 9.02
165   5.40 6.02 9.02
166   5.30 6.02 9.02
167   5.21 6.02 9.02
168   5.31 6.02 9.02
169   5.41 6.02 9.02
170   5.29 6.02 9.02
171   5.37 6.02 9.02
172   5.31 6.02 9.02
173   5.42 6.02 9.02
174   5.15 6.02 9.02
175   5.35 6.02 9.02
176   5.26 6.02 9.02
177   5.31 6.02 9.02
178   5.17 6.02 9.02
179   5.34 6.02 9.02
180   5.31 6.02 9.02
181   5.24 6.02 9.02
182   5.21 6.02 9.02
183   5.11 6.02 9.02
184   5.29 6.02 9.02
185   5.18 6.02 9.02
186   5.40 6.02 9.02
187   5.36 6.02 9.02
188   5.27 6.02 9.02
189   5.39 6.02 9.02
190   5.30 6.02 9.02
191   5.38 6.02 9.02
192   5.29 6.02 9.02
193   5.37 6.02 9.02
194   5.33 6.02 9.02
195   5.27 6.02 9.02
196   5.34 6.02 9.02
197   5.38 6.02 9.02
198   5.24 6.02 9.02
199   5.19 6.02 9.02
200   5.33 6.02 9.02
201   5.31 6.02 9.02
202   5.40 6.02 9.02
203   5.20 6.02 9.02
204   5.27 6.02 9.02
205   5.29 6.02 9.02
206   5.31 6.02 9.02
207   5.23 6.02 9.02
208   5.18 6.02 9.02
209   5.32 6.02 9.02
210   5.34 6.02 9.02
211   5.37 6.02 9.02
212   5.19 6.02 9.02
213   5.07 6.02 9.02
214   5.31 6.02 9.02
215   5.41 6.02 9.02
216   5.19 6.02 9.02
217   5.39 6.02 9.02
218   5.39 6.02 9.02
219   5.14 6.02 9.02
220   5.32 6.02 9.02
221   5.34 6.02 9.02
222   5.35 6.02 9.02
223   5.35 6.02 9.02
224   5.30 6.02 9.02
225   5.42 6.02 9.02
226   5.38 6.02 9.02
227   5.35 6.02 9.02
228   5.24 6.02 9.02
229   5.31 6.02 9.02
230   5.42 6.02 9.02
231   5.35 6.02 9.02
232   5.27 6.02 9.02
233   5.27 6.02 9.02
234   5.50 6.02 9.02
235   5.34 6.02 9.02
236   5.31 6.02 9.02
237   5.44 6.02 9.02
238   5.39 6.02 9.02
239   5.39 6.02 9.02
240   5.39 6.02 9.02
241   5.40 6.02 9.02
242   5.34 6.02 9.02
243   5.41 6.02 9.02
244   5.51 6.02 9.02
245   5.30 6.02 9.02
246   5.46 6.02 9.02
247   5.38 6.02 9.02
248   5.26 6.02 9.02
249   5.45 6.02 9.02
250   5.25 6.02 9.02
251   5.23 6.02 9.02
252   5.42 6.02 9.02
253   5.25 6.02 9.02
254   5.26 6.02 9.02
255   5.37 6.02 9.02
256   5.46 6.02 9.02
257   5.43 6.02 9.02
258   5.25 6.02 9.02
259   5.35 6.02 9.02
260   5.32 6.02 9.02
261   5.33 6.02 9.02
262   5.33 6.02 9.02
263   5.38 6.02 9.02
264   5.17 6.02 9.02
265   5.26 6.02 9.02
266   5.38 6.02 9.02
267   5.31 6.02 9.02
268   5.36 6.02 9.02
269   5.38 6.02 9.02
270   5.35 6.02 9.02
271   5.41 6.02 9.02
272   5.28 6.02 9.02
273   5.46 6.02 9.02
274   5.48 6.02 9.02
275   5.31 6.02 9.02
276   5.27 6.02 9.02
277   5.24 6.02 9.02
278   5.34 6.02 9.02
279   5.41 6.02 9.02
280   5.40 6.02 9.02
281   5.26 6.02 9.02
282   5.40 6.02 9.02
283   5.38 6.02 9.02
284   5.40 6.02 9.02
285   5.43 6.02 9.02
286   5.36 6.02 9.02
287   5.38 6.02 9.02
288   5.12 6.02 9.02
289   5.36 6.02 9.02
290   5.37 6.02 9.02
291   5.30 6.02 9.02
292   5.18 6.02 9.02
293   5.34 6.02 9.02
294   5.40 6.02 9.02
295   5.36 6.02 9.02
296   5.40 6.02 9.02
297   5.39 6.02 9.02
298   5.46 6.02 9.02
299   5.38 6.02 9.02
stopping workers
Worker #  1  shutting down.
Worker #  2 Worker #  3  shutting down.
Worker #  9  shutting down.
Worker #  6  shutting down.
 shutting down.
Worker #  10  shutting down.
Worker #  8  shutting down.
Worker #  5  shutting down.
Worker #  7  shutting down.
Worker #  11  shutting down.
Worker #  4  shutting down.
