	*** Running with hyperparameters:  p/masuda/biped1003.json 	***
Loading myHyp...
	*** Running with hyperparameters:  p/masuda/biped1003.json 	***
Loading myHyp...
	*** Running with hyperparameters:  p/masuda/biped1003.json 	***
Loading myHyp...
	*** Running with hyperparameters:  p/masuda/biped1003.json 	***
Loading myHyp...
	*** Running with hyperparameters:  p/masuda/biped1003.json 	***
Loading myHyp...
	*** Running with hyperparameters:  p/masuda/biped1003.json 	***
Loading myHyp...
	*** Running with hyperparameters:  p/masuda/biped1003.json 	***
Loading myHyp...
	*** Running with hyperparameters:  p/masuda/biped1003.json 	***
Loading myHyp...
	*** Running with hyperparameters:  p/masuda/biped1003.json 	***
Loading myHyp...
	*** Running with hyperparameters:  p/masuda/biped1003.json 	***
Loading myHyp...
	*** Running with hyperparameters:  p/masuda/biped1003.json 	***
Loading myHyp...
	*** Running with hyperparameters:  p/masuda/biped1003.json 	***
Loading myHyp...
Ready. core7
Ready. core3
Ready. core0
Ready. core11
Ready. core1
Ready. core2
Ready. core6
Ready. core9
Ready. core10
Ready. core8
Ready. core4
Ready. core5
0   -5.45 -5.45 3.82
1   -4.29 -4.29 3.98
2   -4.12 -4.12 4.03
3   -3.43 -3.43 5.67
4   -3.48 -3.43 5.67
5   -3.56 -3.43 5.67
6   -2.99 -2.99 5.89
7   -3.13 -2.99 5.89
8   -2.84 -4.29 8.32
9   -2.72 -2.72 8.32
10   -2.42 -2.42 9.21
11   -2.20 -2.20 9.06
12   -2.00 -2.00 8.75
13   -1.66 -1.66 10.16
14   -0.80 -0.80 9.71
15   -0.59 -0.59 8.73
16   -0.29 -2.72 10.05
17   -0.29 -0.29 10.42
18   0.18 0.18 10.12
19   -0.26 0.18 10.12
20   0.00 0.18 10.12
21   -0.08 0.18 10.12
22   -0.13 0.18 10.12
23   0.03 0.18 10.12
24   -0.03 0.18 10.12
25   0.09 0.18 10.12
26   0.22 0.22 9.79
27   0.25 0.25 10.02
28   0.09 0.25 10.02
29   0.20 0.25 10.02
30   0.20 0.25 10.02
31   0.15 0.25 10.02
32   0.42 0.18 10.01
33   0.31 0.31 10.01
34   0.40 0.40 10.07
35   0.16 0.40 10.07
36   0.22 0.40 10.07
37   0.21 0.40 10.07
38   0.29 0.40 10.07
39   0.27 0.40 10.07
40   0.28 0.40 10.07
41   0.28 0.40 10.07
42   0.28 0.40 10.07
43   0.29 0.40 10.07
44   0.39 0.40 10.07
45   0.33 0.40 10.07
46   0.38 0.40 10.07
47   0.28 0.40 10.07
48   0.29 0.40 10.07
49   0.33 0.40 10.07
50   0.21 0.40 10.07
51   0.45 0.45 10.08
52   0.24 0.45 10.08
53   0.28 0.45 10.08
54   0.34 0.45 10.08
55   0.52 0.52 10.10
56   0.36 0.52 10.10
57   0.46 0.52 10.10
58   0.32 0.52 10.10
59   0.33 0.52 10.10
60   0.44 0.52 10.10
61   0.33 0.52 10.10
62   0.23 0.52 10.10
63   0.28 0.52 10.10
64   0.36 0.52 10.10
65   0.58 0.58 10.19
66   0.45 0.58 10.19
67   0.59 0.59 10.07
68   0.39 0.59 10.07
69   0.46 0.59 10.07
70   0.44 0.59 10.07
71   0.51 0.59 10.07
72   0.39 0.59 10.07
73   0.54 0.59 10.07
74   0.45 0.59 10.07
75   0.44 0.59 10.07
76   0.33 0.59 10.07
77   0.50 0.59 10.07
78   0.65 0.65 7.58
79   0.47 0.65 7.58
80   0.66 0.59 10.46
81   0.45 0.59 10.07
82   0.46 0.59 10.07
83   0.60 0.60 10.27
84   0.46 0.60 10.27
85   0.69 0.69 9.93
86   0.67 0.69 9.93
87   0.71 0.71 9.57
88   0.70 0.71 9.57
89   0.65 0.71 9.57
90   0.53 0.71 9.57
91   0.61 0.71 9.57
92   0.55 0.71 9.57
93   0.59 0.71 9.57
94   0.77 0.77 9.95
95   0.59 0.77 9.95
96   0.91 0.71 10.18
97   0.71 0.71 9.91
98   0.62 0.71 9.91
99   0.79 0.79 10.20
100   0.90 0.90 10.21
101   0.92 0.92 9.62
102   0.74 0.92 9.62
103   0.70 0.92 9.62
104   0.63 0.92 9.62
105   0.80 0.92 9.62
106   0.80 0.92 9.62
107   1.12 1.12 9.82
108   0.87 1.12 9.82
109   1.70 1.70 9.86
110   2.01 2.01 9.74
111   1.65 2.01 9.74
112   2.35 0.92 9.38
113   2.17 2.17 9.28
114   2.34 2.34 9.52
115   2.58 2.58 9.63
116   2.41 2.58 9.63
117   2.44 2.58 9.63
118   2.62 2.62 9.42
119   2.59 2.62 9.42
120   2.43 2.62 9.42
121   2.86 2.86 9.48
122   2.63 2.86 9.48
123   2.56 2.86 9.48
124   2.54 2.86 9.48
125   2.56 2.86 9.48
126   2.74 2.86 9.48
127   2.52 2.86 9.48
128   2.61 2.86 9.48
129   2.70 2.86 9.48
130   2.66 2.86 9.48
131   2.62 2.86 9.48
132   2.55 2.86 9.48
133   2.72 2.86 9.48
134   2.62 2.86 9.48
135   2.43 2.86 9.48
136   2.55 2.86 9.48
137   2.73 2.86 9.48
138   2.84 2.86 9.48
139   2.71 2.86 9.48
140   2.64 2.86 9.48
141   2.55 2.86 9.48
142   2.64 2.86 9.48
143   2.82 2.86 9.48
144   2.65 2.86 9.48
145   2.79 2.86 9.48
146   2.61 2.86 9.48
147   2.72 2.86 9.48
148   2.77 2.86 9.48
149   2.83 2.86 9.48
150   2.82 2.86 9.48
151   2.81 2.86 9.48
152   2.61 2.86 9.48
153   2.67 2.86 9.48
154   2.54 2.86 9.48
155   2.60 2.86 9.48
156   2.76 2.86 9.48
157   2.89 2.89 9.71
158   2.80 2.89 9.71
159   2.87 2.89 9.71
160   2.75 2.89 9.71
161   2.76 2.89 9.71
162   2.87 2.89 9.71
163   2.82 2.89 9.71
164   2.99 2.99 9.21
165   2.57 2.99 9.21
166   2.78 2.99 9.21
167   2.83 2.99 9.21
168   2.82 2.99 9.21
169   2.74 2.99 9.21
170   2.83 2.99 9.21
171   2.68 2.99 9.21
172   2.78 2.99 9.21
173   2.71 2.99 9.21
174   2.87 2.99 9.21
175   2.55 2.99 9.21
176   2.81 2.99 9.21
177   2.61 2.99 9.21
178   2.66 2.99 9.21
179   2.84 2.99 9.21
180   2.79 2.99 9.21
181   2.87 2.99 9.21
182   2.61 2.99 9.21
183   2.95 2.99 9.21
184   2.74 2.99 9.21
185   3.10 3.10 9.45
186   2.95 3.10 9.45
187   2.81 3.10 9.45
188   2.84 3.10 9.45
189   2.71 3.10 9.45
190   2.68 3.10 9.45
191   3.00 3.10 9.45
192   2.83 3.10 9.45
193   2.86 3.10 9.45
194   2.87 3.10 9.45
195   2.79 3.10 9.45
196   2.75 3.10 9.45
197   2.79 3.10 9.45
198   2.74 3.10 9.45
199   2.62 3.10 9.45
200   2.89 3.10 9.45
201   3.00 3.10 9.45
202   3.02 3.10 9.45
203   2.84 3.10 9.45
204   2.77 3.10 9.45
205   2.80 3.10 9.45
206   2.81 3.10 9.45
207   2.61 3.10 9.45
208   2.92 3.10 9.45
209   2.79 3.10 9.45
210   2.59 3.10 9.45
211   2.86 3.10 9.45
212   2.85 3.10 9.45
213   2.94 3.10 9.45
214   2.70 3.10 9.45
215   2.75 3.10 9.45
216   2.90 3.10 9.45
217   2.93 3.10 9.45
218   3.07 3.10 9.45
219   2.90 3.10 9.45
220   2.89 3.10 9.45
221   3.00 3.10 9.45
222   3.24 3.24 9.68
223   3.04 3.24 9.68
224   2.92 3.24 9.68
225   2.77 3.24 9.68
226   2.97 3.24 9.68
227   3.19 3.24 9.68
228   2.88 3.24 9.68
229   3.05 3.24 9.68
230   3.13 3.24 9.68
231   3.23 3.24 9.68
232   3.03 3.24 9.68
233   2.86 3.24 9.68
234   2.91 3.24 9.68
235   3.14 3.24 9.68
236   2.88 3.24 9.68
237   3.03 3.24 9.68
238   3.25 3.25 9.51
239   3.16 3.25 9.51
240   3.11 3.25 9.51
241   3.23 3.25 9.51
242   3.04 3.25 9.51
243   2.80 3.25 9.51
244   2.82 3.25 9.51
245   3.01 3.25 9.51
246   2.75 3.25 9.51
247   3.21 3.25 9.51
248   2.88 3.25 9.51
249   2.73 3.25 9.51
250   3.03 3.25 9.51
251   2.96 3.25 9.51
252   3.02 3.25 9.51
253   2.85 3.25 9.51
254   2.80 3.25 9.51
255   3.18 3.25 9.51
256   3.13 3.25 9.51
257   3.00 3.25 9.51
258   3.04 3.25 9.51
259   3.13 3.25 9.51
260   2.95 3.25 9.51
261   3.10 3.25 9.51
262   2.96 3.25 9.51
263   2.84 3.25 9.51
264   3.00 3.25 9.51
265   3.15 3.25 9.51
266   3.15 3.25 9.51
267   2.97 3.25 9.51
268   2.82 3.25 9.51
269   3.07 3.25 9.51
270   3.12 3.25 9.51
271   2.80 3.25 9.51
272   3.23 3.25 9.51
273   3.07 3.25 9.51
274   2.92 3.25 9.51
275   3.18 3.25 9.51
276   2.80 3.25 9.51
277   2.80 3.25 9.51
278   2.98 3.25 9.51
279   3.00 3.25 9.51
280   3.04 3.25 9.51
281   2.96 3.25 9.51
282   3.01 3.25 9.51
283   3.06 3.25 9.51
284   2.91 3.25 9.51
285   3.18 3.25 9.51
286   2.82 3.25 9.51
287   2.78 3.25 9.51
288   3.20 3.25 9.51
289   2.96 3.25 9.51
290   3.01 3.25 9.51
291   2.92 3.25 9.51
292   3.25 3.25 9.51
293   3.08 3.25 9.51
294   2.98 3.25 9.51
295   3.32 3.32 9.79
296   2.90 3.32 9.79
297   3.14 3.32 9.79
298   3.08 3.32 9.79
299   3.17 3.32 9.79
stopping workers
Worker #  11  shutting down.Worker #  1  shutting down.
Worker #  5  shutting down.
Worker #  3  shutting down.
Worker #  4  shutting down.
Worker #  6  shutting down.
Worker #  10  shutting down.
Worker #  2  shutting down.

Worker #  7  shutting down.
Worker #  9  shutting down.
Worker #  8  shutting down.
