	*** Running with hyperparameters:  p/masuda/biped1003.json 	***
Loading myHyp...
	*** Running with hyperparameters:  p/masuda/biped1003.json 	***
Loading myHyp...
	*** Running with hyperparameters:  p/masuda/biped1003.json 	***
Loading myHyp...
	*** Running with hyperparameters:  p/masuda/biped1003.json 	***
Loading myHyp...
	*** Running with hyperparameters:  p/masuda/biped1003.json 	***
Loading myHyp...
	*** Running with hyperparameters:  p/masuda/biped1003.json 	***
Loading myHyp...
	*** Running with hyperparameters:  p/masuda/biped1003.json 	***
Loading myHyp...
	*** Running with hyperparameters:  p/masuda/biped1003.json 	***
Loading myHyp...
	*** Running with hyperparameters:  p/masuda/biped1003.json 	***
Loading myHyp...
	*** Running with hyperparameters:  p/masuda/biped1003.json 	***
Loading myHyp...
	*** Running with hyperparameters:  p/masuda/biped1003.json 	***
Loading myHyp...
	*** Running with hyperparameters:  p/masuda/biped1003.json 	***
Loading myHyp...
Ready. core9
Ready. core6
Ready. core10
Ready. core1
Ready. core11
Ready. core4
Ready. core2
Ready. core7
Ready. core8
Ready. core3
Ready. core5
Ready. core0
0   -4.60 -4.60 4.82
1   -4.35 -4.35 1.09
2   -3.42 -3.42 3.26
3   -3.11 -3.11 3.94
4   -2.91 -2.91 3.48
5   -2.41 -2.41 3.22
6   -2.21 -2.21 3.11
7   -1.90 -1.90 4.06
8   -1.41 -1.48 3.98
9   -1.00 -1.00 3.93
10   -1.02 -1.00 3.93
11   -0.94 -0.94 4.11
12   -0.70 -0.70 4.07
13   -0.49 -0.49 4.29
14   -0.42 -0.42 4.21
15   -0.57 -0.42 4.21
16   -0.45 -0.42 4.21
17   -0.39 -0.39 4.22
18   -0.53 -0.39 4.22
19   -0.38 -0.38 4.56
20   -0.30 -0.30 4.23
21   -0.30 -0.30 4.23
22   -0.21 -0.21 4.16
23   -0.21 -0.21 3.54
24   -0.13 -0.39 3.63
25   -0.03 -0.03 4.04
26   0.01 0.01 4.10
27   -0.03 0.01 4.10
28   -0.09 0.01 4.10
29   -0.04 0.01 4.10
30   -0.01 0.01 4.10
31   -0.02 0.01 4.10
32   0.09 -0.03 3.64
33   0.03 0.03 3.71
34   0.10 0.10 4.17
35   0.09 0.10 4.17
36   0.01 0.10 4.17
37   0.01 0.10 4.17
38   0.11 0.11 3.63
39   0.04 0.11 3.63
40   0.24 0.03 4.48
41   0.17 0.17 4.04
42   0.08 0.17 4.04
43   0.13 0.17 4.04
44   0.20 0.20 4.52
45   0.30 0.30 4.52
46   0.29 0.30 4.52
47   0.44 0.44 4.48
48   0.41 0.44 4.48
49   0.42 0.44 4.48
50   0.53 0.53 4.75
51   0.58 0.58 4.60
52   0.65 0.65 3.32
53   0.56 0.65 3.32
54   0.40 0.65 3.32
55   0.54 0.65 3.32
56   0.62 0.65 3.32
57   0.71 0.71 4.34
58   0.73 0.73 5.22
59   0.61 0.73 5.22
60   0.76 0.76 4.43
61   0.70 0.76 4.43
62   0.62 0.76 4.43
63   0.66 0.76 4.43
64   0.81 0.71 4.92
65   0.84 0.84 4.50
66   0.84 0.84 4.75
67   0.86 0.86 4.77
68   0.81 0.86 4.77
69   0.90 0.90 4.36
70   0.89 0.90 4.36
71   0.75 0.90 4.36
72   0.84 0.90 4.36
73   0.82 0.90 4.36
74   0.99 0.99 4.96
75   0.83 0.99 4.96
76   0.87 0.99 4.96
77   0.87 0.99 4.96
78   0.86 0.99 4.96
79   0.87 0.99 4.96
80   0.78 0.99 4.96
81   0.86 0.99 4.96
82   0.94 0.99 4.96
83   0.91 0.99 4.96
84   0.92 0.99 4.96
85   0.84 0.99 4.96
86   0.90 0.99 4.96
87   0.90 0.99 4.96
88   0.94 0.99 4.96
89   0.88 0.99 4.96
90   0.91 0.99 4.96
91   0.92 0.99 4.96
92   0.92 0.99 4.96
93   0.87 0.99 4.96
94   1.04 1.04 4.82
95   0.99 1.04 4.82
96   0.93 1.04 4.82
97   0.92 1.04 4.82
98   0.90 1.04 4.82
99   0.86 1.04 4.82
100   0.92 1.04 4.82
101   0.90 1.04 4.82
102   0.98 1.04 4.82
103   0.98 1.04 4.82
104   1.31 1.04 4.82
105   1.12 1.12 5.05
106   0.98 1.12 5.05
107   0.89 1.12 5.05
108   0.79 1.12 5.05
109   0.94 1.12 5.05
110   0.94 1.12 5.05
111   0.96 1.12 5.05
112   0.92 1.12 5.05
113   0.90 1.12 5.05
114   1.03 1.12 5.05
115   0.91 1.12 5.05
116   0.97 1.12 5.05
117   0.95 1.12 5.05
118   0.97 1.12 5.05
119   0.93 1.12 5.05
120   0.92 1.12 5.05
121   0.98 1.12 5.05
122   1.07 1.12 5.05
123   1.14 1.14 4.59
124   1.04 1.14 4.59
125   1.07 1.14 4.59
126   1.12 1.14 4.59
127   1.00 1.14 4.59
128   1.03 1.14 4.59
129   1.06 1.14 4.59
130   0.94 1.14 4.59
131   1.03 1.14 4.59
132   0.96 1.14 4.59
133   1.05 1.14 4.59
134   1.04 1.14 4.59
135   0.95 1.14 4.59
136   1.12 1.14 4.59
137   1.02 1.14 4.59
138   1.01 1.14 4.59
139   1.02 1.14 4.59
140   0.96 1.14 4.59
141   1.04 1.14 4.59
142   1.04 1.14 4.59
143   1.08 1.14 4.59
144   1.04 1.14 4.59
145   0.98 1.14 4.59
146   1.12 1.14 4.59
147   1.16 1.16 4.81
148   1.04 1.16 4.81
149   1.15 1.16 4.81
150   1.09 1.16 4.81
151   1.17 1.17 5.04
152   1.16 1.17 5.04
153   1.15 1.17 5.04
154   1.18 1.18 4.93
155   1.14 1.18 4.93
156   1.09 1.18 4.93
157   1.20 1.20 4.99
158   1.10 1.20 4.99
159   1.19 1.20 4.99
160   1.16 1.20 4.99
161   1.06 1.20 4.99
162   1.19 1.20 4.99
163   1.20 1.20 4.99
164   1.30 1.30 4.88
165   1.12 1.30 4.88
166   1.25 1.30 4.88
167   1.18 1.30 4.88
168   1.17 1.30 4.88
169   1.28 1.30 4.88
170   1.22 1.30 4.88
171   1.27 1.30 4.88
172   1.21 1.30 4.88
173   1.24 1.30 4.88
174   1.34 1.34 4.96
175   1.19 1.34 4.96
176   1.16 1.34 4.96
177   1.19 1.34 4.96
178   1.22 1.34 4.96
179   1.18 1.34 4.96
180   1.13 1.34 4.96
181   1.12 1.34 4.96
182   1.11 1.34 4.96
183   1.06 1.34 4.96
184   1.15 1.34 4.96
185   1.16 1.34 4.96
186   1.16 1.34 4.96
187   1.29 1.34 4.96
188   1.24 1.34 4.96
189   1.19 1.34 4.96
190   1.24 1.34 4.96
191   1.18 1.34 4.96
192   1.19 1.34 4.96
193   1.15 1.34 4.96
194   1.23 1.34 4.96
195   1.16 1.34 4.96
196   1.16 1.34 4.96
197   1.16 1.34 4.96
198   1.19 1.34 4.96
199   1.08 1.34 4.96
200   1.27 1.34 4.96
201   1.25 1.34 4.96
202   1.17 1.34 4.96
203   1.29 1.34 4.96
204   1.20 1.34 4.96
205   1.10 1.34 4.96
206   1.18 1.34 4.96
207   1.26 1.34 4.96
208   1.11 1.34 4.96
209   1.09 1.34 4.96
210   1.22 1.34 4.96
211   1.18 1.34 4.96
212   1.31 1.34 4.96
213   1.31 1.34 4.96
214   1.17 1.34 4.96
215   1.27 1.34 4.96
216   1.11 1.34 4.96
217   1.21 1.34 4.96
218   1.15 1.34 4.96
219   1.15 1.34 4.96
220   1.11 1.34 4.96
221   1.20 1.34 4.96
222   1.23 1.34 4.96
223   1.29 1.34 4.96
224   1.16 1.34 4.96
225   1.18 1.34 4.96
226   1.20 1.34 4.96
227   1.24 1.34 4.96
228   1.18 1.34 4.96
229   1.20 1.34 4.96
230   1.09 1.34 4.96
231   1.21 1.34 4.96
232   1.22 1.34 4.96
233   1.24 1.34 4.96
234   1.22 1.34 4.96
235   1.28 1.34 4.96
236   1.23 1.34 4.96
237   1.10 1.34 4.96
238   1.24 1.34 4.96
239   1.27 1.34 4.96
240   1.17 1.34 4.96
241   1.28 1.34 4.96
242   1.22 1.34 4.96
243   1.30 1.34 4.96
244   1.27 1.34 4.96
245   1.27 1.34 4.96
246   1.30 1.34 4.96
247   1.32 1.34 4.96
248   1.08 1.34 4.96
249   1.14 1.34 4.96
250   1.22 1.34 4.96
251   1.24 1.34 4.96
252   1.11 1.34 4.96
253   1.20 1.34 4.96
254   1.21 1.34 4.96
255   1.31 1.34 4.96
256   1.31 1.34 4.96
257   1.30 1.34 4.96
258   1.30 1.34 4.96
259   1.20 1.34 4.96
260   1.31 1.34 4.96
261   1.33 1.34 4.96
262   1.29 1.34 4.96
263   1.28 1.34 4.96
264   1.31 1.34 4.96
265   1.44 1.44 5.55
266   1.34 1.44 5.55
267   1.33 1.44 5.55
268   1.36 1.44 5.55
269   1.34 1.44 5.55
270   1.23 1.44 5.55
271   1.31 1.44 5.55
272   1.26 1.44 5.55
273   1.27 1.44 5.55
274   1.21 1.44 5.55
275   1.22 1.44 5.55
276   1.23 1.44 5.55
277   1.36 1.44 5.55
278   1.31 1.44 5.55
279   1.31 1.44 5.55
280   1.21 1.44 5.55
281   1.25 1.44 5.55
282   1.25 1.44 5.55
283   1.31 1.44 5.55
284   1.31 1.44 5.55
285   1.27 1.44 5.55
286   1.28 1.44 5.55
287   1.26 1.44 5.55
288   1.26 1.44 5.55
289   1.21 1.44 5.55
290   1.36 1.44 5.55
291   1.28 1.44 5.55
292   1.25 1.44 5.55
293   1.28 1.44 5.55
294   1.39 1.44 5.55
295   1.33 1.44 5.55
296   1.27 1.44 5.55
297   1.30 1.44 5.55
298   1.29 1.44 5.55
299   1.25 1.44 5.55
stopping workers
Worker #  3  shutting down.
Worker #  9  shutting down.
Worker #  1  shutting down.
Worker #  2  shutting down.
Worker #  4  shutting down.
Worker #  8  shutting down.
Worker #  6  shutting down.
Worker #  7  shutting down.
Worker #  11  shutting down.
Worker #  5  shutting down.
Worker #  10  shutting down.
